593.000
594.000
610.000
580.000
543.000
623.000
588.000
580.000
598.000
607.000
543.000
574.000
575.000
594.000
625.000
572.000
627.000
590.000
589.000
573.000
608.000
657.000
555.000
549.000
601.000
602.000
568.000
647.000
581.000
585.000
611.000
564.000
581.000
613.000
645.000
589.000
576.000
643.000
614.000
620.000
591.000
532.000
575.000
588.000
606.000
572.000
592.000
618.000
549.000
593.000
593.000
589.000
584.000
654.000
572.000
576.000
582.000
552.000
621.000
620.000
561.000
580.000
603.000
601.000
523.000
556.000
593.000
668.000
559.000
612.000
588.000
656.000
579.000
600.000
555.000
608.000
617.000
623.000
575.000
598.000
589.000
598.000
588.000
585.000
551.000
607.000
592.000
614.000
634.000
569.000
592.000
574.000
531.000
634.000
606.000
659.000
602.000
574.000
622.000
610.000
572.000
591.000
596.000
598.000
609.000
633.000
541.000
613.000
611.000
585.000
617.000
592.000
563.000
547.000
570.000
577.000
588.000
546.000
635.000
582.000
604.000
613.000
596.000
577.000
576.000
611.000
556.000
643.000
595.000
595.000
583.000
631.000
586.000
631.000
616.000
587.000
590.000
592.000
613.000
570.000
619.000
611.000
574.000
548.000
604.000
603.000
575.000
597.000
593.000
627.000
