463.000
470.000
428.000
456.000
472.000
469.000
464.000
471.000
461.000
464.000
489.000
464.000
412.000
457.000
456.000
479.000
443.000
472.000
447.000
433.000
471.000
434.000
483.000
492.000
463.000
449.000
437.000
444.000
464.000
475.000
433.000
437.000
427.000
418.000
479.000
468.000
472.000
453.000
495.000
421.000
452.000
457.000
436.000
489.000
434.000
478.000
465.000
459.000
473.000
438.000
447.000
471.000
439.000
467.000
447.000
464.000
482.000
460.000
458.000
437.000
467.000
448.000
454.000
440.000
463.000
458.000
449.000
419.000
485.000
440.000
455.000
455.000
445.000
486.000
430.000
441.000
440.000
422.000
482.000
452.000
469.000
444.000
434.000
461.000
448.000
447.000
448.000
477.000
442.000
410.000
489.000
456.000
446.000
424.000
468.000
444.000
436.000
474.000
423.000
431.000
458.000
474.000
452.000
460.000
422.000
443.000
476.000
483.000
457.000
502.000
450.000
452.000
467.000
478.000
449.000
446.000
460.000
447.000
461.000
463.000
440.000
459.000
444.000
418.000
465.000
437.000
464.000
445.000
419.000
476.000
463.000
427.000
481.000
460.000
450.000
453.000
445.000
445.000
474.000
490.000
490.000
458.000
477.000
476.000
455.000
450.000
454.000
440.000
460.000
459.000
