33249.000
33207.000
33053.000
33243.000
32963.000
33407.000
33008.000
32864.000
33030.000
33069.000
32808.000
33082.000
33326.000
32970.000
32988.000
32879.000
33007.000
33216.000
32969.000
33336.000
32792.000
33137.000
32932.000
33047.000
32843.000
32822.000
32980.000
33147.000
33155.000
33061.000
33198.000
33052.000
32861.000
33322.000
33249.000
33195.000
33015.000
32824.000
33048.000
32894.000
32903.000
32780.000
33054.000
32760.000
33057.000
32822.000
33086.000
32988.000
33319.000
33127.000
32904.000
32918.000
32997.000
33432.000
32846.000
33089.000
33281.000
32851.000
33064.000
33168.000
33032.000
33161.000
33274.000
33412.000
33054.000
33001.000
33104.000
33336.000
33129.000
32870.000
32969.000
33187.000
33001.000
33173.000
32957.000
32653.000
32934.000
32672.000
32912.000
32935.000
33180.000
33099.000
33158.000
33168.000
32861.000
33026.000
32805.000
32939.000
32987.000
33552.000
33145.000
33162.000
32883.000
32983.000
33085.000
32822.000
33012.000
32950.000
32930.000
33089.000
32983.000
32905.000
33085.000
33082.000
33091.000
32981.000
33317.000
33204.000
32743.000
33001.000
33076.000
32959.000
32840.000
32726.000
32975.000
32940.000
33080.000
33114.000
32620.000
32987.000
32666.000
32758.000
32995.000
33141.000
32902.000
32649.000
32864.000
32808.000
32756.000
33120.000
33007.000
33056.000
33045.000
32689.000
32646.000
32967.000
32859.000
33030.000
32704.000
32751.000
32881.000
32956.000
33174.000
32764.000
32619.000
33075.000
32901.000
32917.000
32952.000
32844.000
