212.000
205.000
237.000
222.000
188.000
200.000
208.000
227.000
209.000
198.000
215.000
218.000
192.000
209.000
217.000
236.000
197.000
180.000
205.000
222.000
181.000
211.000
215.000
213.000
214.000
229.000
239.000
202.000
197.000
192.000
205.000
211.000
227.000
204.000
220.000
201.000
207.000
185.000
209.000
218.000
232.000
206.000
208.000
208.000
187.000
198.000
219.000
232.000
191.000
212.000
222.000
214.000
231.000
206.000
220.000
223.000
193.000
200.000
197.000
213.000
206.000
225.000
213.000
211.000
216.000
225.000
211.000
218.000
184.000
223.000
214.000
207.000
206.000
221.000
224.000
209.000
200.000
184.000
221.000
227.000
221.000
184.000
217.000
212.000
200.000
190.000
203.000
196.000
213.000
244.000
203.000
211.000
182.000
211.000
197.000
217.000
192.000
191.000
210.000
213.000
219.000
205.000
225.000
197.000
212.000
189.000
199.000
231.000
190.000
203.000
213.000
200.000
222.000
205.000
197.000
225.000
206.000
185.000
224.000
210.000
220.000
202.000
206.000
209.000
205.000
223.000
213.000
199.000
226.000
230.000
221.000
203.000
210.000
215.000
209.000
219.000
210.000
218.000
198.000
232.000
221.000
201.000
214.000
221.000
215.000
185.000
184.000
190.000
223.000
191.000
