166.000
175.000
166.000
166.000
177.000
185.000
176.000
188.000
149.000
187.000
146.000
159.000
193.000
184.000
155.000
163.000
156.000
186.000
174.000
180.000
151.000
159.000
141.000
160.000
165.000
152.000
151.000
177.000
164.000
173.000
183.000
157.000
171.000
191.000
168.000
169.000
176.000
169.000
166.000
165.000
164.000
176.000
169.000
173.000
178.000
159.000
159.000
157.000
161.000
162.000
173.000
183.000
195.000
189.000
155.000
169.000
174.000
180.000
166.000
160.000
161.000
175.000
159.000
166.000
166.000
167.000
151.000
171.000
158.000
170.000
144.000
189.000
160.000
155.000
159.000
160.000
167.000
181.000
178.000
157.000
152.000
193.000
165.000
167.000
172.000
175.000
162.000
176.000
155.000
165.000
191.000
181.000
185.000
184.000
174.000
185.000
170.000
182.000
191.000
183.000
172.000
159.000
144.000
178.000
165.000
165.000
179.000
167.000
169.000
143.000
175.000
165.000
156.000
183.000
173.000
186.000
174.000
177.000
161.000
179.000
167.000
147.000
176.000
167.000
171.000
179.000
159.000
154.000
162.000
192.000
179.000
164.000
148.000
148.000
153.000
166.000
176.000
149.000
164.000
144.000
172.000
165.000
177.000
167.000
181.000
161.000
161.000
162.000
189.000
150.000
