6045.000
6149.000
6100.000
6074.000
6083.000
6021.000
6202.000
6097.000
6093.000
6222.000
6103.000
6112.000
6123.000
5971.000
6037.000
6032.000
6336.000
6189.000
5975.000
6084.000
6089.000
6063.000
6091.000
6056.000
6074.000
6181.000
6076.000
6142.000
6175.000
5981.000
6194.000
6056.000
5967.000
6098.000
6081.000
6049.000
6197.000
6168.000
6150.000
6084.000
6095.000
6080.000
5964.000
6234.000
5981.000
6102.000
6033.000
6059.000
6020.000
6096.000
6179.000
6099.000
6180.000
6041.000
6080.000
6044.000
6107.000
6249.000
6160.000
6063.000
6052.000
6186.000
6029.000
6015.000
6010.000
6013.000
6139.000
6057.000
6038.000
5998.000
6111.000
6155.000
6035.000
6081.000
6061.000
6055.000
6035.000
6067.000
6145.000
5975.000
6256.000
6011.000
6181.000
6027.000
6169.000
6005.000
6095.000
6109.000
6030.000
6019.000
6148.000
6083.000
6092.000
6123.000
6160.000
6028.000
6177.000
6036.000
6032.000
6005.000
6135.000
6045.000
5989.000
5957.000
6240.000
6090.000
6159.000
5889.000
6091.000
6155.000
6104.000
6094.000
6144.000
6124.000
6022.000
6029.000
6115.000
6038.000
6065.000
6011.000
6148.000
6071.000
6140.000
6028.000
6038.000
5916.000
6186.000
6230.000
6159.000
6087.000
6132.000
6116.000
6178.000
6053.000
6030.000
6026.000
5980.000
6095.000
6170.000
6182.000
6094.000
6120.000
6201.000
6064.000
6038.000
6106.000
6106.000
6001.000
6050.000
5944.000
