1088.000
1053.000
1044.000
1106.000
1110.000
1086.000
1123.000
1029.000
1067.000
1121.000
1035.000
1103.000
1037.000
1044.000
1102.000
1073.000
1053.000
1051.000
1090.000
1055.000
1020.000
1078.000
1090.000
1154.000
1155.000
1091.000
1018.000
988.000
1106.000
1047.000
1108.000
1106.000
1049.000
1108.000
1110.000
1093.000
1099.000
1014.000
1004.000
1061.000
1102.000
1074.000
1035.000
1125.000
1041.000
1019.000
1089.000
1043.000
1050.000
1091.000
1092.000
1110.000
1036.000
1146.000
1083.000
1005.000
1059.000
1108.000
1102.000
1052.000
1032.000
1073.000
1086.000
1130.000
1060.000
1046.000
1060.000
1084.000
1064.000
1019.000
1073.000
1100.000
1065.000
1055.000
1060.000
1066.000
1086.000
1043.000
1078.000
1040.000
1025.000
1041.000
1081.000
1065.000
1096.000
1055.000
1017.000
1038.000
1067.000
1094.000
1097.000
1095.000
1077.000
1066.000
1084.000
1021.000
1023.000
1054.000
1040.000
1060.000
1034.000
1034.000
1126.000
1059.000
1112.000
1067.000
1037.000
1057.000
1058.000
1082.000
1019.000
1019.000
1047.000
1105.000
1056.000
1062.000
1096.000
1039.000
1067.000
1029.000
1140.000
1078.000
1054.000
1067.000
1014.000
1053.000
1110.000
1000.000
1103.000
1091.000
1045.000
1102.000
1038.000
1050.000
1061.000
1020.000
1013.000
1129.000
1070.000
1096.000
1097.000
1074.000
1069.000
1023.000
1060.000
1018.000
1106.000
1064.000
1075.000
1065.000
