878.000
847.000
881.000
910.000
923.000
939.000
871.000
893.000
976.000
975.000
900.000
890.000
945.000
945.000
922.000
877.000
834.000
888.000
914.000
909.000
910.000
910.000
911.000
908.000
902.000
951.000
919.000
925.000
922.000
891.000
902.000
860.000
888.000
913.000
921.000
934.000
933.000
931.000
879.000
912.000
920.000
889.000
974.000
936.000
918.000
909.000
921.000
850.000
871.000
926.000
922.000
915.000
849.000
908.000
897.000
914.000
843.000
904.000
900.000
845.000
937.000
907.000
870.000
922.000
865.000
954.000
923.000
967.000
913.000
900.000
970.000
920.000
890.000
902.000
920.000
888.000
882.000
872.000
880.000
900.000
885.000
908.000
906.000
884.000
929.000
867.000
938.000
898.000
901.000
899.000
898.000
901.000
897.000
929.000
863.000
916.000
901.000
923.000
876.000
903.000
917.000
906.000
892.000
978.000
919.000
895.000
894.000
899.000
927.000
940.000
893.000
880.000
935.000
902.000
870.000
900.000
902.000
880.000
879.000
840.000
919.000
888.000
914.000
894.000
935.000
877.000
892.000
979.000
883.000
958.000
968.000
948.000
881.000
904.000
954.000
873.000
890.000
941.000
872.000
940.000
942.000
869.000
905.000
936.000
925.000
868.000
898.000
947.000
864.000
898.000
