498.000
498.000
539.000
512.000
533.000
501.000
537.000
510.000
563.000
537.000
527.000
459.000
488.000
528.000
508.000
524.000
526.000
530.000
513.000
543.000
540.000
522.000
490.000
510.000
508.000
563.000
511.000
485.000
498.000
516.000
530.000
483.000
523.000
503.000
504.000
515.000
517.000
508.000
552.000
538.000
529.000
505.000
499.000
522.000
497.000
541.000
498.000
460.000
519.000
519.000
510.000
541.000
490.000
525.000
506.000
507.000
562.000
544.000
552.000
493.000
533.000
582.000
491.000
542.000
499.000
504.000
532.000
551.000
533.000
499.000
478.000
529.000
512.000
501.000
494.000
522.000
526.000
519.000
570.000
502.000
522.000
528.000
508.000
554.000
483.000
521.000
469.000
500.000
504.000
519.000
547.000
505.000
516.000
507.000
507.000
517.000
495.000
539.000
513.000
487.000
463.000
509.000
550.000
545.000
521.000
510.000
535.000
487.000
505.000
559.000
448.000
564.000
532.000
531.000
502.000
531.000
467.000
528.000
525.000
536.000
532.000
515.000
506.000
523.000
506.000
520.000
491.000
514.000
533.000
517.000
484.000
521.000
506.000
533.000
512.000
551.000
562.000
533.000
516.000
591.000
478.000
550.000
507.000
525.000
493.000
517.000
538.000
482.000
551.000
458.000
