26754.000
26637.000
26286.000
26908.000
26519.000
26584.000
26382.000
26524.000
26322.000
26615.000
26672.000
26439.000
26426.000
26654.000
26548.000
26351.000
26635.000
26687.000
26791.000
26656.000
26437.000
26477.000
26519.000
26614.000
26313.000
26582.000
26441.000
26485.000
26477.000
26526.000
26597.000
26502.000
26705.000
26667.000
26619.000
26344.000
26620.000
26604.000
26433.000
26654.000
26536.000
26718.000
26279.000
26648.000
26396.000
26585.000
26588.000
26716.000
26658.000
26628.000
26392.000
26509.000
26603.000
26235.000
26337.000
26479.000
26350.000
26419.000
26597.000
26843.000
26453.000
26675.000
26776.000
26544.000
26467.000
26564.000
26733.000
26649.000
26580.000
26249.000
26651.000
26714.000
26768.000
26570.000
26705.000
26282.000
26740.000
26763.000
26760.000
26447.000
26659.000
26605.000
26511.000
26450.000
26659.000
26476.000
26452.000
26787.000
26545.000
26689.000
26538.000
26360.000
26567.000
26590.000
26419.000
26641.000
26635.000
26525.000
26548.000
26588.000
26501.000
26764.000
26597.000
26225.000
26683.000
26718.000
26623.000
26433.000
26685.000
26457.000
26752.000
26750.000
26543.000
26441.000
26706.000
26463.000
26459.000
26591.000
26511.000
26686.000
26474.000
26606.000
26671.000
26474.000
26465.000
26236.000
26590.000
26706.000
26440.000
26632.000
26394.000
26558.000
26502.000
26319.000
26580.000
26405.000
26440.000
26763.000
26660.000
26618.000
26700.000
26554.000
26682.000
26652.000
26512.000
26365.000
26444.000
26373.000
26471.000
26531.000
26426.000
26540.000
26554.000
26290.000
26651.000
26267.000
26481.000
26638.000
26664.000
26324.000
26424.000
26435.000
26463.000
26274.000
26479.000
26647.000
26797.000
26666.000
26228.000
26585.000
26347.000
26508.000
26322.000
26832.000
26565.000
26650.000
26617.000
26323.000
26526.000
26663.000
26533.000
26718.000
26389.000
26348.000
26634.000
26538.000
26219.000
26515.000
26650.000
26243.000
26621.000
26557.000
26689.000
26699.000
26455.000
26574.000
26791.000
26594.000
26713.000
26630.000
