356.000
402.000
395.000
360.000
373.000
350.000
356.000
369.000
380.000
360.000
386.000
381.000
355.000
331.000
375.000
382.000
383.000
391.000
387.000
391.000
364.000
332.000
397.000
353.000
383.000
383.000
376.000
350.000
374.000
384.000
382.000
348.000
366.000
335.000
378.000
420.000
351.000
365.000
395.000
373.000
410.000
368.000
377.000
385.000
338.000
336.000
369.000
356.000
376.000
399.000
370.000
371.000
366.000
356.000
392.000
360.000
386.000
358.000
383.000
365.000
369.000
375.000
383.000
390.000
392.000
368.000
375.000
370.000
337.000
386.000
384.000
335.000
359.000
354.000
373.000
378.000
350.000
319.000
343.000
355.000
354.000
382.000
363.000
345.000
365.000
391.000
354.000
347.000
359.000
355.000
343.000
352.000
382.000
400.000
363.000
378.000
379.000
368.000
353.000
339.000
401.000
394.000
369.000
361.000
384.000
384.000
393.000
360.000
373.000
349.000
382.000
358.000
361.000
390.000
388.000
364.000
331.000
363.000
399.000
350.000
382.000
353.000
355.000
364.000
367.000
353.000
383.000
355.000
361.000
400.000
379.000
387.000
357.000
352.000
405.000
355.000
334.000
331.000
351.000
377.000
406.000
373.000
362.000
342.000
367.000
402.000
404.000
363.000
359.000
384.000
