285.000
297.000
276.000
259.000
277.000
287.000
282.000
292.000
264.000
264.000
255.000
288.000
276.000
239.000
295.000
277.000
279.000
268.000
284.000
274.000
255.000
287.000
321.000
270.000
266.000
285.000
293.000
306.000
265.000
273.000
275.000
277.000
304.000
259.000
297.000
284.000
286.000
282.000
266.000
270.000
264.000
296.000
271.000
295.000
289.000
281.000
296.000
271.000
303.000
268.000
269.000
278.000
276.000
280.000
289.000
283.000
272.000
316.000
280.000
280.000
277.000
273.000
261.000
262.000
276.000
278.000
248.000
279.000
253.000
294.000
300.000
277.000
281.000
272.000
284.000
245.000
275.000
256.000
304.000
285.000
277.000
289.000
301.000
315.000
269.000
262.000
264.000
276.000
280.000
280.000
297.000
263.000
285.000
309.000
296.000
302.000
272.000
287.000
299.000
253.000
281.000
272.000
276.000
261.000
289.000
278.000
295.000
254.000
270.000
267.000
254.000
247.000
275.000
280.000
287.000
274.000
278.000
248.000
296.000
280.000
287.000
286.000
281.000
281.000
294.000
255.000
303.000
281.000
229.000
258.000
286.000
279.000
269.000
264.000
281.000
263.000
269.000
242.000
272.000
269.000
254.000
251.000
260.000
285.000
265.000
280.000
262.000
270.000
290.000
275.000
