110.97
103.97
123.97
111.97
121.97
122.97
114.97
113.97
106.97
127.97
106.97
131.97
131.97
152.97
115.97
101.97
110.97
123.97
127.97
132.97
111.97
102.97
97.97
103.97
100.97
120.97
123.97
95.97
116.97
100.97
115.97
125.97
127.97
106.97
120.97
90.97
95.97
122.97
97.97
103.97
122.97
104.97
117.97
91.97
103.97
112.97
99.97
101.97
131.97
115.97
117.97
106.97
110.97
132.97
121.97
103.97
108.97
105.97
100.97
109.97
99.97
126.97
116.97
118.97
115.97
114.97
122.97
107.97
112.97
119.97
118.97
121.97
116.97
112.97
122.97
111.97
105.97
119.97
123.97
108.97
101.97
88.97
119.97
126.97
101.97
124.97
103.97
105.97
114.97
99.97
113.97
120.97
121.97
117.97
93.97
117.97
103.97
101.97
131.97
113.97
