89.000
79.000
90.000
105.000
99.000
96.000
82.000
75.000
98.000
89.000
65.000
78.000
92.000
82.000
83.000
90.000
98.000
91.000
96.000
81.000
88.000
84.000
71.000
87.000
85.000
97.000
102.000
92.000
82.000
76.000
92.000
94.000
81.000
104.000
101.000
102.000
80.000
104.000
83.000
77.000
85.000
92.000
93.000
96.000
81.000
102.000
103.000
93.000
95.000
97.000
100.000
89.000
98.000
80.000
95.000
90.000
84.000
88.000
108.000
98.000
95.000
95.000
100.000
100.000
85.000
84.000
97.000
90.000
81.000
79.000
88.000
91.000
102.000
92.000
91.000
81.000
66.000
115.000
92.000
89.000
108.000
96.000
92.000
73.000
89.000
87.000
88.000
84.000
85.000
78.000
89.000
98.000
93.000
90.000
72.000
80.000
91.000
88.000
81.000
105.000
88.000
95.000
85.000
106.000
79.000
94.000
88.000
83.000
94.000
79.000
101.000
64.000
90.000
85.000
95.000
98.000
74.000
100.000
92.000
93.000
102.000
92.000
92.000
79.000
92.000
83.000
89.000
79.000
88.000
85.000
109.000
103.000
96.000
103.000
100.000
99.000
99.000
93.000
77.000
91.000
86.000
73.000
87.000
64.000
94.000
89.000
86.000
74.000
94.000
86.000
