9018.0
8949.0
8934.0
8844.0
8772.0
8919.0
8920.0
8789.0
8924.0
8975.0
9037.0
8915.0
8938.0
8988.0
8871.0
8806.0
8916.0
8957.0
8848.0
8810.0
8779.0
8869.0
8760.0
8889.0
8795.0
9052.0
8936.0
8880.0
8950.0
8752.0
8613.0
8751.0
8957.0
8758.0
8901.0
8805.0
8841.0
8757.0
8877.0
8818.0
8791.0
8907.0
8909.0
8850.0
8820.0
9044.0
9008.0
8932.0
8712.0
8852.0
8701.0
8959.0
8652.0
8939.0
8952.0
8914.0
8902.0
8875.0
8858.0
8821.0
8852.0
9050.0
8811.0
8914.0
8999.0
8659.0
8899.0
8914.0
8902.0
8988.0
8854.0
8943.0
8993.0
8905.0
9073.0
9020.0
8977.0
8997.0
8880.0
8971.0
8907.0
8819.0
9011.0
8976.0
8947.0
8806.0
8869.0
8836.0
8895.0
8845.0
8915.0
8869.0
8899.0
8958.0
8857.0
8992.0
8823.0
8938.0
8972.0
8840.0
8831.0
8734.0
8743.0
8964.0
8853.0
8848.0
9051.0
8875.0
8844.0
8741.0
8958.0
8911.0
8843.0
8904.0
8837.0
9006.0
8974.0
8823.0
8751.0
8782.0
8880.0
9050.0
8867.0
8827.0
8855.0
8961.0
8839.0
8755.0
9020.0
8999.0
8826.0
9104.0
8935.0
8702.0
8771.0
8784.0
8916.0
8941.0
8857.0
8916.0
8918.0
8869.0
8959.0
8991.0
8822.0
8896.0
8846.0
8747.0
9002.0
8938.0
