69.432
59.432
67.432
57.432
55.432
70.432
63.432
74.432
82.432
72.432
55.432
58.432
52.432
65.432
65.432
72.432
79.432
65.432
72.432
62.432
71.432
63.432
73.432
66.432
58.432
69.432
78.432
72.432
58.432
65.432
66.432
59.432
78.432
75.432
73.432
66.432
61.432
65.432
68.432
68.432
68.432
56.432
60.432
56.432
61.432
67.432
76.432
69.432
68.432
64.432
58.432
70.432
68.432
60.432
67.432
67.432
69.432
58.432
64.432
65.432
57.432
71.432
63.432
71.432
63.432
61.432
63.432
74.432
68.432
63.432
63.432
72.432
71.432
58.432
77.432
68.432
71.432
55.432
70.432
71.432
54.432
84.432
70.432
63.432
74.432
70.432
60.432
52.432
55.432
47.432
63.432
52.432
73.432
61.432
69.432
77.432
63.432
78.432
60.432
64.432
