63.000
53.000
57.000
55.000
45.000
63.000
48.000
55.000
59.000
47.000
63.000
48.000
61.000
67.000
60.000
71.000
50.000
58.000
61.000
53.000
49.000
61.000
49.000
60.000
67.000
46.000
51.000
59.000
55.000
53.000
53.000
50.000
45.000
53.000
47.000
67.000
49.000
51.000
62.000
52.000
55.000
54.000
51.000
53.000
45.000
49.000
71.000
42.000
54.000
46.000
50.000
47.000
58.000
47.000
56.000
58.000
53.000
51.000
60.000
65.000
42.000
55.000
69.000
44.000
50.000
61.000
51.000
50.000
60.000
58.000
51.000
55.000
50.000
45.000
56.000
70.000
63.000
41.000
56.000
40.000
60.000
70.000
42.000
56.000
58.000
49.000
42.000
65.000
65.000
64.000
64.000
49.000
53.000
69.000
51.000
50.000
53.000
45.000
58.000
53.000
