33.6363636
44.6363636
34.6363636
46.6363636
38.6363636
53.6363636
50.6363636
39.6363636
40.6363636
37.6363636
48.6363636
31.6363636
43.6363636
35.6363636
42.6363636
45.6363636
56.6363636
48.6363636
39.6363636
33.6363636
31.6363636
45.6363636
44.6363636
38.6363636
32.6363636
45.6363636
44.6363636
35.6363636
53.6363636
48.6363636
49.6363636
42.6363636
39.6363636
35.6363636
39.6363636
35.6363636
43.6363636
42.6363636
43.6363636
39.6363636
37.6363636
47.6363636
45.6363636
51.6363636
53.6363636
56.6363636
35.6363636
31.6363636
40.6363636
40.6363636
32.6363636
50.6363636
45.6363636
37.6363636
56.6363636
50.6363636
44.6363636
42.6363636
46.6363636
41.6363636
36.6363636
44.6363636
46.6363636
41.6363636
43.6363636
41.6363636
49.6363636
31.6363636
39.6363636
47.6363636
35.6363636
41.6363636
42.6363636
47.6363636
38.6363636
52.6363636
33.6363636
37.6363636
41.6363636
37.6363636
35.6363636
51.6363636
37.6363636
42.6363636
36.6363636
51.6363636
32.6363636
42.6363636
39.6363636
39.6363636
44.6363636
41.6363636
55.6363636
41.6363636
39.6363636
39.6363636
36.6363636
45.6363636
43.6363636
34.6363636
