32.72760490565436
32.68109039718701
33.00324525856944
32.97918957924492
32.66384024535596
32.81402904054266
32.740146030819666
32.82654266641213
32.80986526789776
33.03956346771296
32.771488740750996
32.770565127291086
33.00622068656182
32.741181780630534
32.79279114155585
33.02539285908776
32.76688417580064
32.90205655328858
32.75382876718797
32.999082670186915
33.03874563011435
32.94320457524693
32.879123975639
32.651535792404324
32.874611121805145
32.66263689593011
32.70957275044268
32.86299988774631
32.75738353957482
32.82504766232138
32.80805330710831
32.676611306903176
32.81166956250117
32.749914283538736
32.777015280518086
32.91746810743916
32.68546135912695
32.73767083342748
33.03754550977423
32.944245998371656
32.89103421692161
32.65843659706766
32.860547784388885
32.705620589884546
32.99357387234687
32.9737840663401
32.87264213949634
32.86960091280414
32.669923060560706
32.68628762568602
32.98769040431962
32.726955695062216
32.96570669655523
32.82720539747409
32.86869512629872
33.028650985023404
33.037119699640456
32.97687021781748
32.75285869807868
32.91876128596897
32.85730587382922
32.93366441406143
32.79726853205283
32.76351722046256
32.74063902863858
32.90579353056609
32.81026082785974
32.88060077612512
32.8029748622422
32.80470181189116
33.035237207748104
32.912018931877824
32.74032899076902
32.670271861790795
32.98871581923096
32.8604162320248
32.87639822211306
32.681134025278055
32.658858016763176
32.68006415009641
32.84367921791568
32.94804265332766
32.68635158513251
33.006389703176524
32.9715334898422
32.770648942961564
33.036139757118654
32.748345703847704
32.78147423177823
33.039718522332514
32.97609933556515
32.90368197551104
32.81342691540615
32.70485584847447
32.84248280181839
32.66281932968393
32.799537741411285
32.85872450614286
32.92589612732224
32.981400147024736
32.77699170794444
32.66181197860488
33.0073654581936
32.72900251633163
32.66792053122494
32.96401971235886
32.93267929057599
32.7283804540819
32.90027958234744
32.785824302506505
32.870481090632424
32.98998956775629
32.86161358488602
32.85840289026876
33.01454335944989
32.838193671833906
32.869606964414814
33.0082528233037
32.65520585564466
32.93228696124572
32.9442459807525
33.008232726717786
32.88477828830735
32.965216891288875
32.80875591289734
33.00234851717409
32.69655625683406
32.86160879495803
32.86726844714178
32.64417303293339
32.80827000378101
32.99995191655209
32.72716922435711
32.76668520573569
32.98922385519363
32.892500128335485
32.96507324459081
32.78756474230113
32.64878495641069
32.78097797884956
32.93719542710387
32.82924958875502
32.893057564111
32.85963163378132
32.81169805546922
32.83898073065003
32.83645393791488
32.9568064543186
32.97394804679627
32.91114708406627
32.82296573342721
32.78184794570734
32.83734170782328
32.79852802786308
32.74747985522526
32.79146689365285
32.81840114132732
32.94062751363293
32.95610154752844
32.88383324351004
32.97885712352898
32.676704882994876
32.64357118624701
32.73563451531004
32.82994661680574
33.02997918570441
32.71208622333989
33.03314292857943
32.82250639436227
32.87625632875698
32.92804754040058
32.67516110546674
32.91190547050617
32.897016133029055
32.66446736531816
32.95081312263712
32.88796698330487
32.68695378401081
32.967295693466376
32.86634094241876
32.67528545953379
32.658324221581985
32.99432191948366
32.924124982050884
32.849861189147234
32.981476049668636
32.880205647502784
32.87346450227036
32.94108897917717
32.71262116231207
32.764587727249236
32.903489946542926
32.683518649258595
32.700082035310196
32.95237366347018
32.82901184687266
32.78110301427619
33.00355492628548
32.68209232473155
32.80309676964054
32.67054720897957
32.96196540134002
32.8813428326906
32.73447346543924
32.64445034759096
32.948758220349944
32.85639342857759
32.91447505993451
32.6452588754235
32.991638731805146
32.754870915295584
32.95245816704486
33.03580654911521
33.01767893376304
32.960356963651094
32.86634961143028
32.80196147468753
33.010869937800045
32.905087122484694
32.72973342381818
32.894773485142174
32.968135956439475
32.99310953470293
32.7427067317573
32.80345945486355
32.96401534217504
32.701537617398074
32.777498033863935
32.808860645236294
32.91620423902173
32.8990162293955
32.86455381921708
32.755934664290685
32.7338426310176
33.023934769028614
32.87319482323279
32.829935957309985
32.76960938332416
32.952086150725584
32.64818488426892
32.89788626990446
32.959993221012695
32.76377503255814
32.891820129505355
32.858218971865575
32.850928026102935
32.719085390136996
32.74885602059382
33.00927098764086
32.982966231960525
