23.500223676412133
23.31508127134596
23.40984807523412
23.432082400276173
23.645056060036982
23.30954536539054
23.45793805880173
23.551349110528253
23.389575888307085
23.543169269950933
23.657085076836815
23.318391427647132
23.598859010344217
23.595526051507907
23.42084236511366
23.30188195310001
23.575932425100966
23.458548699608414
23.432796821807724
23.557163382221464
23.699327325019066
23.462773573889177
23.67194288040367
23.565520304152955
23.679473633344614
23.36816798579375
23.419055641745246
23.465973644199707
23.595577200203273
23.376155403244386
23.40794538098981
23.60834751584802
23.39077236289186
23.651049982716444
23.64259727657035
23.61784578492649
23.56927042141614
23.394131861395362
23.595151021940207
23.600463364621916
23.574094815799974
23.658252608282563
23.598544190230875
23.402740167345318
23.638366883803723
23.381369404407675
23.557475546760088
23.53845403321029
23.503235928731755
23.51638132267181
23.657239313567075
23.601373016820432
23.65705490180438
23.657584375689666
23.32752785833543
23.42249468949527
23.450982378986854
23.43889660785494
23.433722646671992
23.505091092026596
23.419026481166945
23.628614288034175
23.558403140542993
23.55326846406361
23.51904320278534
23.45213723458331
23.62635794881024
23.50601948682259
23.595511790241865
23.61572359011663
23.50655393297942
23.370925693775696
23.542109046755524
23.407481152689034
23.369339952550977
23.63164500003026
23.56807664225319
23.609212834826785
23.378958312666736
23.584153687614567
23.50048715873277
23.602893472863077
23.427002986144814
23.471313093495148
23.452674898282595
23.477208329931386
23.697671848142978
23.388379425992383
23.559087187677875
23.642790843505036
23.60673275866288
23.67343718957183
23.37257089563695
23.41598120275998
23.689058851738228
23.63389462390872
23.456557043502045
23.62618790414845
23.686843557955445
23.656166295437735
23.61730410891137
23.624337384544873
23.556842990615273
23.325150654281554
23.49295455005169
23.336931512849837
23.52962167718174
23.683386099159335
23.685298720612163
23.33684244426906
23.31092539127254
23.597560523184114
23.566411724871884
23.58928810337042
23.363357111732522
23.55710657841308
23.408793139380595
23.46023212005716
23.384012532017454
23.583683934407095
23.392973600141655
23.698184341880342
23.443871210632775
23.39480744121933
23.522888158329952
23.437904858887844
23.597339663825927
23.5118852587513
23.408758292938533
23.490746651408266
23.673006140378117
23.48721326570649
23.58372325680447
23.40070006963351
23.438947906301955
23.506452381516073
23.383507961812693
23.626236028210997
23.410921180124546
23.455144003190803
23.533337922087185
23.68912817505384
23.627513133922026
23.626937040186284
23.439079925662533
23.683966220480727
23.605049682081376
23.64352766339494
23.344833960430506
23.67658542514826
23.30334069454388
23.591902282866425
23.46481897317466
23.565931354158643
23.484921129977796
23.370746170605514
23.383610748515597
23.60024702387261
23.67271056119926
23.628457783826242
23.309978212317635
23.432309233625002
23.590209965401367
23.60775530927389
23.378652938303752
23.535939558307515
23.661483663987614
23.680996488858206
23.392993609416436
23.59483993618862
23.613149198237455
23.636580271279083
23.569113369826564
23.46080090180817
23.461548851196994
23.32290597461546
23.40309208886976
23.531330798525047
23.653902235255796
23.473139842052667
23.403244209037613
23.345447152064725
23.340882566947414
23.658241626054195
23.650227548693163
23.556164608244977
23.648629675446532
23.534668782645923
23.41532974561338
23.568516861826186
23.329880193486133
23.51162846042884
23.648084538918102
23.334478201856797
23.358568604607797
23.68485085559626
23.696225556639334
23.480776615508795
23.594702653085918
23.546728641677166
23.372987186713015
23.32030420090705
23.467343526297167
23.48068813701453
23.361188788111008
23.45035736618342
23.33455269381242
23.51679105501498
23.355025175261982
23.303836879328646
23.322846724430455
23.651200079765015
23.315728390063647
23.55519147774767
23.483312123322346
23.533025851471905
23.44223146955568
23.611787689921364
23.533806079141375
23.31308395848149
23.44314201869924
23.452929995376337
23.427348500632792
23.673404796261806
23.66629083365292
23.64000283306914
23.581331408521148
23.652777512712603
23.49366384687578
23.699526441280305
23.512485418297352
23.671722793848964
23.514471355495687
23.400913131504705
23.58796871868926
23.435740928895353
23.373557849608876
23.624942037859636
23.69156157383608
23.678752560335926
23.372852628299448
23.511322555975248
23.45384979247183
23.56960503954393
23.309807942797228
23.405709747075218
23.33601783113393
23.434197044949386
23.386398530782273
23.665675804928576
