16.676354853056754
16.926845603368974
17.060480319177138
17.154464224537104
17.05495305633871
16.833007859709653
16.760565714509763
16.722607492741325
16.910490596604067
16.77467482723141
17.008908789454075
16.73627147100763
17.037548711932335
17.04942979782677
16.755996255305206
16.986409457605596
17.084471312830296
16.853595722444787
16.5942971317659
16.62040481292135
16.792102245174497
16.741288015962304
16.928189226577352
16.618887453966607
16.977460295589218
16.856534424039765
16.866894503091583
16.65228458818832
17.07956346892358
17.054709521591928
17.00828765426826
16.92390463916793
16.631883109491216
17.131586357586947
17.100752181265335
17.02962796549379
16.569629900572217
16.95273546388614
16.81674006158142
16.89290080493188
16.71361752549335
17.13002816919149
16.9293245248323
16.706648171699285
16.635070447326406
16.74419442576795
16.79096292609624
16.563072639317674
16.568047561678707
17.016874691582842
16.67156112514539
17.01848692065606
16.77682563579693
16.70206459119432
16.897532227383138
16.71090124934063
16.58535903799517
16.912640022737293
16.952704884252668
16.78525408502828
16.957516819621233
16.987829085213
16.922025720238633
16.67172312186415
16.90247814359435
17.067189056508017
16.934857796861145
16.586047394248748
16.813142879431318
16.891361124990375
16.762485485819944
16.765803425549347
16.67498182081652
16.806010894755563
16.59434809948001
17.089879060508128
16.920852052504877
17.109260953721538
16.69735124153761
16.81701263979136
17.132265860525067
16.848019942322573
16.970987943773885
16.8053332140239
16.575596824646997
16.689615087534985
16.65277123888533
17.086415018001016
16.75547358781835
16.756894083707774
16.75168895999247
16.578204540748757
16.8150008521561
16.890591755759
16.97393634098409
16.87333539655615
16.912628055840706
16.575487144243287
17.15217030551202
16.985915174215936
16.734635694468402
16.74219410420903
17.01284688868374
16.620768612394286
16.770358289647003
16.690989114313698
16.656807877780277
17.093578944033602
16.66148928529823
16.77917748691766
16.900445104521925
17.126020982440682
16.813338459114945
16.71529043538609
16.622905962252148
16.70783016858646
16.670268465765098
17.10521738921975
16.727505131781687
16.5780346093017
16.676386153728515
16.979851104409864
16.90345979374389
17.087674458208323
16.89973775786201
16.631841355558507
16.922598557979104
16.677357813206047
17.082156922703597
16.9910128034896
16.858089211085368
17.018209834867953
16.662788727457233
16.827707848527446
16.602430879638202
16.635023294492537
16.661592074971136
16.639022035223693
17.154757568074487
16.92152976343606
17.076314747352093
16.61857549643943
16.734929252541225
16.9618058188989
16.829008062825363
17.05485371883883
17.005262316329144
17.14325026332857
16.70600123749746
16.96350988678034
16.916636563220834
17.09651627836616
16.804100980217903
16.922407424000347
16.944916963085298
16.87484877115134
16.838828763127264
17.038510781939856
17.146667015286365
17.12293863058993
16.872494786047945
16.66966521498779
16.810719455917056
17.119377735606783
17.02538652278282
16.863935648890926
16.94077555339082
17.099179488606097
16.716171823186794
16.65094344603166
16.873146211310345
17.01754143080428
16.89835098299425
16.579130434750436
16.662491504076417
16.656099720370193
16.718746336176256
17.024181726722144
16.932750283857988
17.052199904697215
16.860095709360035
17.086841659728076
16.705269535083893
17.021176587841527
17.149050212977937
16.612441337054705
16.954189341131396
16.837567603962686
16.755156257807425
16.71775721664655
17.156213765287312
17.023000817310184
17.117285096300453
17.140903855409952
16.67234950745213
16.815568697430216
16.953022850087176
16.82280478048319
17.071541338900303
16.571844758060255
16.89022408870833
17.138288241664913
16.58389758653756
16.725461295319015
16.608310680713597
16.757938775662588
16.9086990084415
16.988193226392948
16.708860851176468
16.832764597680058
16.5906718485502
16.97806963578133
17.131437607337055
16.71197004750777
16.599457037769287
17.086190635707716
16.817440833840102
16.938719570966263
16.75464928963575
16.565347041000962
16.956039840567275
16.97214796599739
16.67069924908968
17.046577227053834
17.06324318488689
16.63852667534086
16.806728798988093
16.711865155906
16.671401490421395
16.78590657495519
16.90419711375663
16.935914479795496
17.09322694524338
16.87722320440851
16.841523731183642
17.00203225024931
16.838235663176924
16.83906520783893
17.12027879514113
16.841576954712774
16.81987781199315
17.074513744058
16.90939808790869
16.862216174862816
16.66127689538303
16.715029280697255
16.830998264828764
16.999269110225555
17.12542898649512
16.9457420886976
