1902.000
1902.000
1924.000
1897.000
1876.000
1993.000
1936.000
1989.000
1925.000
1895.000
1838.000
1954.000
1970.000
1915.000
1953.000
1943.000
1897.000
1947.000
1990.000
1917.000
2001.000
1885.000
1916.000
1893.000
1862.000
1891.000
1858.000
1912.000
1893.000
1931.000
1953.000
1899.000
1935.000
1853.000
2005.000
1884.000
1983.000
2004.000
1944.000
1988.000
1901.000
1975.000
1829.000
1872.000
1937.000
1915.000
1901.000
1977.000
1832.000
1897.000
1938.000
1885.000
1918.000
1888.000
1855.000
1846.000
1835.000
1915.000
1932.000
1907.000
1973.000
1866.000
1972.000
1946.000
1910.000
1881.000
1912.000
1903.000
1956.000
1881.000
1958.000
1927.000
1905.000
1889.000
1965.000
1934.000
1830.000
1927.000
1853.000
2055.000
1891.000
1969.000
2024.000
1926.000
1971.000
1883.000
1803.000
1943.000
1922.000
1902.000
1833.000
1929.000
1941.000
1911.000
1839.000
1882.000
1921.000
1872.000
1837.000
1862.000
1901.000
1858.000
1946.000
1862.000
1914.000
1968.000
1929.000
1892.000
1891.000
1935.000
1895.000
1862.000
1889.000
1903.000
1882.000
1885.000
1940.000
1956.000
1950.000
1916.000
1941.000
1974.000
1859.000
1887.000
1832.000
1979.000
1908.000
1853.000
1921.000
1918.000
1971.000
1914.000
1961.000
1830.000
1905.000
1898.000
1841.000
1894.000
1946.000
1887.000
1948.000
1943.000
1859.000
1897.000
1938.000
1906.000
1890.000
1909.000
1926.000
1852.000
