14.778478412271417
15.203878615411787
14.863394018310776
15.225851953547075
15.206546384579582
15.0891056298408
14.954398144575926
15.263782941761308
14.950578826669688
15.29942657265149
15.27931164469627
15.24876441900386
14.923011583657384
14.874892739399293
14.952336485383473
15.192319650546713
15.139511738927322
15.049325802716957
14.885581524968552
14.791535469975104
14.829890779276448
14.766617057230773
15.026335161487049
14.884438126230357
15.237707347025209
15.15480117130103
15.241467620858495
14.747377113216883
15.211629369577592
14.756352730374758
15.024910989648385
14.997607514964255
15.195435195467464
14.863359455908755
14.756556726524348
14.75654639827594
15.110103720017394
14.789076941412743
15.051304149850708
14.929545354630886
15.070123573497222
14.815744618841283
15.11460791082796
15.151103540788824
14.947713268383218
14.793409972965591
15.252237101977109
14.917133820333893
15.267808912850569
14.953306357460097
14.809764472574859
14.830571802086379
15.00008057541271
15.128241265984144
14.814132722835435
15.198862662514905
14.849145337921948
15.090738017448706
14.925384700069944
15.232464006308883
14.757295387597337
14.955667431969966
15.226574923591013
15.256350567379547
14.853064727239538
15.226304409277944
15.250738235213799
15.17013394754414
14.993272662903983
15.109838674498286
15.207026417543082
14.927568006883524
14.940467964594202
14.768614881832558
14.777083842850576
14.790219782294496
15.28210845321856
14.873717279125902
14.828830218933106
15.276710183194197
14.788125868122721
15.261857204611983
15.112307931655184
15.26204686536408
14.989712366117095
15.155863805123209
14.916509771060268
14.740648021525539
15.203952486178528
14.933562205256727
15.02245848642813
15.265956387225549
15.003938465935839
14.854876915889212
15.163256503191764
15.066846062040279
14.903807634810617
14.893166780895253
14.964802268200936
15.192065530876683
14.838992695703874
15.27359965388218
15.007531131788824
14.973233935119087
15.265259326383584
15.19479119868
14.95295871773002
14.85222842031913
15.153289951047256
14.831374771024404
14.996704452753583
15.111634507777474
15.228723857865553
15.308949037616854
15.112425020088521
14.984475375894025
14.778812223719092
14.757017519029043
15.193034586293335
14.909482652132967
15.006304504484428
14.78501645307975
14.91771391810915
15.181648606530105
14.914825656006537
14.96333470708015
15.147840265459566
14.97616472098661
15.03316826768377
14.777294512454958
15.12600503100442
14.822248743692546
14.92459605723227
15.125525329042116
15.182781153394036
14.793217046518562
14.973092126455231
14.968747533508616
14.889891453005335
14.862671663149118
15.23547034097777
15.024861934288605
15.137276010874219
15.121230319317707
14.771399346586085
14.776410171574238
15.298945919991553
15.125456212254885
15.028655676890086
15.021463379199165
14.80846804589085
14.860085594978747
14.814071850314908
14.96610237287334
15.247431694528995
14.832033100566743
15.236057418710061
15.033069908755918
14.821099910474922
14.779112460826935
15.313145964404727
15.140106510916985
15.019322537728282
14.781773894436762
15.19245751582717
14.91807328217938
15.066531236852674
15.13899442395483
14.84710216696713
14.787617859444515
14.894585273189557
15.23240280686058
14.741049453385614
14.87933440526307
14.803533939995125
14.740369022045014
14.759309795063773
15.099627363279483
14.895348143643142
15.226966260781012
14.996331923432614
14.876483787154015
15.206112613617135
15.10476727930517
15.134700777945646
14.93961799000938
14.766804151296006
14.753111926273029
15.080072393235241
15.279117277129368
15.309659247155006
15.179970357076767
15.318278802544178
15.021520714865805
14.934905506230118
14.85913923574538
15.034393736795742
15.183833009640686
15.069538306780082
15.161741846659108
14.966894885719595
15.253370286874192
15.038493768496359
15.188162983343421
15.001802699283951
14.747264090888738
14.777517363888473
15.112927807908807
15.134619757419662
15.168073741412863
15.319961163558029
15.04969526151596
14.91672511495278
14.79502866018609
14.766392330275409
15.298246299180104
14.741263481198207
15.089139189267538
15.22476311546225
14.922017521344799
15.1889695893287
14.809340746241212
15.164289526070956
15.005984847481525
15.255032330373021
15.165253183869174
15.017338352141966
14.749457436840405
15.074571786116755
14.825197797139143
15.11167857689086
15.01062176775203
14.880883361282304
15.219782322693447
15.123124395297795
14.7275471823897
15.0316027308354
14.875926874093507
15.053037915980884
14.779633251369269
15.267069528789355
15.235581550698004
15.113808155943909
15.149444871563928
15.082193494584772
14.991538671234824
15.196800081290453
14.823759437217051
15.226587613016033
14.782745148106331
