13.244858506062304
13.19249259483701
13.369054818518126
13.213015432152826
13.40617484099396
12.984181695204722
13.530004116862136
13.055117195202026
13.219496376697258
13.198288977504847
13.36435206231424
13.423443230815472
13.229009608654382
13.12140956692661
13.267773634831006
12.997940953114293
13.243220096936307
13.549104021995078
13.172421108735318
13.516429398143218
13.408848704391971
13.53220610230297
13.276256805622658
13.285101752689283
13.202998368578976
13.074150392268637
13.319683990949514
13.509277540480713
13.061055026128935
13.336027001731953
13.203949758463422
13.098315913445003
13.434760885766892
13.205585876949371
13.302565843915206
13.31153111635917
13.205395211224584
13.318306735316323
13.017154846849186
13.411791120619592
13.011227523629708
13.189500444657046
13.039678753495604
13.02511299599334
13.431696359972571
13.51828971634449
13.062629554596011
13.498979359785466
13.260982607338208
13.024434407278815
13.15515644725878
13.497975763248613
13.342567114429427
13.369935185830423
13.383037715882091
13.127401486928854
13.522812401432263
13.334950897489039
13.513054585460534
13.257980879509931
13.535968216508255
13.13926747068542
13.511748350705293
13.10877165479315
13.052094354343122
13.394424342930417
13.24524502316911
13.537481368392584
12.995606709486916
13.27913331885312
13.428784244372203
13.54400814373619
13.025821412991471
13.18425652805307
13.47597354908813
13.521225961241594
13.210870989635255
13.424017634594037
12.971672719959129
13.08914190714467
13.46299898228813
13.111668401030924
13.535091501532044
13.155244758682302
13.214640940088959
13.272512445988411
13.192911839302399
13.211551340607333
13.412574836742827
13.469370684576903
13.518864891852614
13.031584315257001
13.329381952720546
13.478308161392274
13.000283935163283
13.240020009773707
13.351378974159987
13.079552701567385
13.556856093322576
13.24395464290717
13.240391305028787
13.426909469798696
13.450889711639498
13.357325555415583
13.423988522937846
13.38570306995071
13.29212349050082
13.44652663978723
13.352615156008001
13.291613763677287
13.322281329732313
13.16742065775674
12.968874350059842
13.30802684990126
13.53291251737497
13.337359149170137
13.1473945460169
13.188783351643995
13.25736959890304
13.558005441084648
13.398082408661784
13.321456018700994
13.158880253410247
13.103519613516635
13.324149263233327
13.01891834116701
13.216209613144425
13.514517927019034
13.296887126503865
13.106722750679658
13.179960151284652
13.387625814322009
13.364841502371155
13.24379680700511
13.115328997131314
13.362021935656275
13.178021959008419
13.186439986864503
13.403675876180122
13.318323685686334
13.305502796423497
13.2619880645352
13.042023854384123
13.489672297768708
13.012235612993607
13.482826821381252
13.499770510866796
13.079616818715193
13.166430859869092
13.504164939501473
13.371122026336971
13.100208879585594
13.144475874384343
13.314877981982551
13.494666119783862
12.96378858321871
13.505594425201116
13.075898686402182
13.388511552023648
13.101533053716103
13.300657137191708
13.209170465650727
12.972912661307054
13.30821245162322
13.494824223419506
13.41887555187943
13.55194604550595
13.110753521675326
13.045782931696696
13.543227137029623
13.215731494556028
12.98350480358419
13.46760467796761
12.983714732658147
13.140693490241908
13.51291518204794
13.118193732538325
13.208260272054188
13.36487031776507
13.274742218475469
13.082884327306267
13.218309869305793
13.235798754625254
13.197397160045385
13.096227541415548
13.543834003334986
13.358974361504538
13.490197465883488
12.970483129299517
12.96760809698421
13.499268075203762
13.535860494254068
13.142556041966605
13.233283243176542
13.186490109307403
13.35944093001473
13.27525728318271
13.296091029588029
13.364508353879748
13.5336856630125
13.36627873933606
13.034899962828261
13.22856768085913
13.432261478613873
13.295465227939887
13.336586208041155
13.147656022154887
13.479628734354518
13.167978508211284
13.330215121469955
13.298863300021148
13.093936839889512
13.14182840876636
13.46921984988257
13.325751017022483
13.25532609723185
13.073230784381371
13.174273875102168
13.12010012329046
13.126952923475729
13.11632115108516
13.161588301231093
13.007602293030924
13.444448508011481
13.030282172493882
13.19974955966385
13.15280687283668
13.018324127790248
13.107176534318127
13.512916804503119
13.465306476714435
13.02128596084958
13.400575945725532
13.32402113912719
13.518774630275393
13.346017337294517
13.26150611361089
13.042822174429576
13.278401203295672
13.490646667381178
13.452931505262331
13.203294297254468
13.335572268371205
13.55309840080776
13.056005500126147
13.487067634458441
13.411773535603754
13.125177009041678
13.036563310073156
13.166224254063614
