EnergyDepositedInSi, SourceZ, SiAngleOffAxis, AbsorberThickness
513.917,-30,0,0
140.118,-30,0,0
98.3831,-30,0,0
79.0983,-30,0,0
85.3697,-30,0,0
178.901,-30,0,0
95.1594,-30,0,0
101.676,-30,0,0
556.287,-30,0,0
82.7181,-30,0,0
103.404,-30,0,0
141.579,-30,0,0
317.354,-30,0,0
112.076,-30,0,0
192.674,-30,0,0
174.095,-30,0,0
135.222,-30,0,0
157.425,-30,0,0
99.5462,-30,0,0
128.001,-30,0,0
106.574,-30,0,0
88.5856,-30,0,0
239.627,-30,0,0
156.838,-30,0,0
120.991,-30,0,0
148.378,-30,0,0
98.1549,-30,0,0
194.021,-30,0,0
38.6605,-30,0,0
128.99,-30,0,0
65.322,-30,0,0
103.628,-30,0,0
147.392,-30,0,0
212.975,-30,0,0
167.236,-30,0,0
124.685,-30,0,0
112.842,-30,0,0
152.538,-30,0,0
87.9463,-30,0,0
102.614,-30,0,0
249.281,-30,0,0
159.497,-30,0,0
145.465,-30,0,0
146.069,-30,0,0
162.979,-30,0,0
136.831,-30,0,0
314.08,-30,0,0
178.76,-30,0,0
388.183,-30,0,0
73.4922,-30,0,0
216.869,-30,0,0
257.532,-30,0,0
343.86,-30,0,0
347.306,-30,0,0
103.988,-30,0,0
93.2218,-30,0,0
110.95,-30,0,0
367.19,-30,0,0
312.535,-30,0,0
574.278,-30,0,0
229.464,-30,0,0
235.873,-30,0,0
539.089,-30,0,0
275.084,-30,0,0
173.612,-30,0,0
371.895,-30,0,0
123.205,-30,0,0
207.356,-30,0,0
187.704,-30,0,0
91.3724,-30,0,0
108.152,-30,0,0
329.475,-30,0,0
109.805,-30,0,0
294.845,-30,0,0
131.409,-30,0,0
616.877,-30,0,0
172.615,-30,0,0
356.892,-30,0,0
81.4771,-30,0,0
238.864,-30,0,0
132.653,-30,0,0
14.1246,-30,0,0
302.877,-30,0,0
139.977,-30,0,0
287.768,-30,0,0
525.065,-30,0,0
349.453,-30,0,0
98.9427,-30,0,0
738.238,-30,0,0
89.3333,-30,0,0
303.83,-30,0,0
368.492,-30,0,0
76.7998,-30,0,0
622.661,-30,0,0
156.667,-30,0,0
231.851,-30,0,0
69.2046,-30,0,0
97.0701,-30,0,0
260.769,-30,0,0
152.66,-30,0,0
182.103,-30,0,0
151.026,-30,0,0
146.767,-30,0,0
67.7436,-30,0,0
105.207,-30,0,0
439.763,-30,0,0
224.677,-30,0,0
226.901,-30,0,0
136.357,-30,0,0
125.931,-30,0,0
186.356,-30,0,0
303.751,-30,0,0
110.449,-30,0,0
399.699,-30,0,0
154.943,-30,0,0
40.3942,-30,0,0
7.37477,-30,0,0
143.121,-30,0,0
273.017,-30,0,0
76.643,-30,0,0
154.114,-30,0,0
393.217,-30,0,0
109.284,-30,0,0
639.053,-30,0,0
70.3305,-30,0,0
105.352,-30,0,0
30.3601,-30,0,0
174.145,-30,0,0
446.631,-30,0,0
78.0232,-30,0,0
114.484,-30,0,0
377.592,-30,0,0
98.2228,-30,0,0
97.417,-30,0,0
118.848,-30,0,0
155.454,-30,0,0
160.214,-30,0,0
123.672,-30,0,0
128.27,-30,0,0
106.545,-30,0,0
181.085,-30,0,0
175.171,-30,0,0
357.026,-30,0,0
70.6786,-30,0,0
194.983,-30,0,0
227.977,-30,0,0
15.3602,-30,0,0
82.5052,-30,0,0
366.725,-30,0,0
124.131,-30,0,0
171.448,-30,0,0
234.819,-30,0,0
89.6591,-30,0,0
48.025,-30,0,0
136.567,-30,0,0
85.9125,-30,0,0
94.2607,-30,0,0
189.203,-30,0,0
188.852,-30,0,0
165.642,-30,0,0
357.526,-30,0,0
511.103,-30,0,0
362.04,-30,0,0
105.991,-30,0,0
189.505,-30,0,0
95.9476,-30,0,0
320.503,-30,0,0
130.947,-30,0,0
80.7688,-30,0,0
301.747,-30,0,0
90.7656,-30,0,0
156.55,-30,0,0
93.2641,-30,0,0
168.135,-30,0,0
185.045,-30,0,0
88.2128,-30,0,0
98.2947,-30,0,0
146.228,-30,0,0
100.466,-30,0,0
102.106,-30,0,0
141.713,-30,0,0
100.958,-30,0,0
108.556,-30,0,0
177.341,-30,0,0
446.065,-30,0,0
146.113,-30,0,0
114.186,-30,0,0
651.444,-30,0,0
198.025,-30,0,0
33.9142,-30,0,0
120.741,-30,0,0
197.972,-30,0,0
385.811,-30,0,0
121.971,-30,0,0
284.465,-30,0,0
375.861,-30,0,0
156.026,-30,0,0
80.7805,-30,0,0
114.405,-30,0,0
113.966,-30,0,0
310.396,-30,0,0
120.935,-30,0,0
142.307,-30,0,0
28.4896,-30,0,0
126.181,-30,0,0
87.4439,-30,0,0
101.126,-30,0,0
244.427,-30,0,0
126.205,-30,0,0
183.258,-30,0,0
106.707,-30,0,0
119.166,-30,0,0
112.066,-30,0,0
281.093,-30,0,0
201.657,-30,0,0
274.754,-30,0,0
86.531,-30,0,0
103.7,-30,0,0
323.866,-30,0,0
100.298,-30,0,0
105.51,-30,0,0
513.824,-30,0,0
245.098,-30,0,0
90.8393,-30,0,0
211.25,-30,0,0
443.927,-30,0,0
92.9934,-30,0,0
412.087,-30,0,0
5.96133,-30,0,0
524.606,-30,0,0
169.224,-30,0,0
211.825,-30,0,0
120.771,-30,0,0
240.518,-30,0,0
208.673,-30,0,0
108.75,-30,0,0
328.31,-30,0,0
90.3256,-30,0,0
43.8168,-30,0,0
122.266,-30,0,0
430.928,-30,0,0
109.472,-30,0,0
584.084,-30,0,0
155.125,-30,0,0
170.472,-30,0,0
77.8271,-30,0,0
100.264,-30,0,0
235.545,-30,0,0
166.444,-30,0,0
100.221,-30,0,0
242.653,-30,0,0
185.999,-30,0,0
117.766,-30,0,0
96.1789,-30,0,0
88.6085,-30,0,0
386.028,-30,0,0
314.336,-30,0,0
93.3892,-30,0,0
140.966,-30,0,0
95.6402,-30,0,0
546.958,-30,0,0
101.316,-30,0,0
103.243,-30,0,0
111.107,-30,0,0
284.805,-30,0,0
305.264,-30,0,0
81.7337,-30,0,0
196.862,-30,0,0
2.84403,-30,0,0
153.72,-30,0,0
315.292,-30,0,0
105.727,-30,0,0
85.0878,-30,0,0
205.492,-30,0,0
91.6208,-30,0,0
206.443,-30,0,0
163.703,-30,0,0
122.06,-30,0,0
97.7161,-30,0,0
135.199,-30,0,0
97.2526,-30,0,0
62.0851,-30,0,0
156.946,-30,0,0
494.056,-30,0,0
108.895,-30,0,0
85.94,-30,0,0
300.703,-30,0,0
117.453,-30,0,0
206.296,-30,0,0
147.685,-30,0,0
224.277,-30,0,0
93.5622,-30,0,0
95.3467,-30,0,0
169.233,-30,0,0
477.2,-30,0,0
253.8,-30,0,0
120.188,-30,0,0
92.2527,-30,0,0
144.197,-30,0,0
95.2879,-30,0,0
78.128,-30,0,0
214.045,-30,0,0
265.612,-30,0,0
120.029,-30,0,0
202.206,-30,0,0
187.298,-30,0,0
38.3597,-30,0,0
60.7602,-30,0,0
262.983,-30,0,0
84.611,-30,0,0
424.727,-30,0,0
163.917,-30,0,0
115.878,-30,0,0
112.241,-30,0,0
89.0527,-30,0,0
97.9344,-30,0,0
98.7797,-30,0,0
176.682,-30,0,0
101.935,-30,0,0
245.574,-30,0,0
182.285,-30,0,0
250.072,-30,0,0
398.535,-30,0,0
177.79,-30,0,0
72.1032,-30,0,0
286.051,-30,0,0
91.9769,-30,0,0
110.804,-30,0,0
510.046,-30,0,0
90.2817,-30,0,0
188.002,-30,0,0
461.415,-30,0,0
357.269,-30,0,0
96.6569,-30,0,0
85.6132,-30,0,0
276.834,-30,0,0
105.574,-30,0,0
480.929,-30,0,0
104.921,-30,0,0
260.071,-30,0,0
155.933,-30,0,0
317.464,-30,0,0
295.567,-30,0,0
119.025,-30,0,0
76.6614,-30,0,0
170.191,-30,0,0
175.373,-30,0,0
107.272,-30,0,0
100.685,-30,0,0
320.022,-30,0,0
311.997,-30,0,0
197.736,-30,0,0
138.01,-30,0,0
137.413,-30,0,0
108.406,-30,0,0
613.046,-30,0,0
116.793,-30,0,0
88.8625,-30,0,0
81.7189,-30,0,0
167.022,-30,0,0
337.729,-30,0,0
768.083,-30,0,0
8.25712,-30,0,0
135.396,-30,0,0
180.593,-30,0,0
110.13,-30,0,0
109.64,-30,0,0
289.4,-30,0,0
97.737,-30,0,0
80.6555,-30,0,0
77.9913,-30,0,0
86.7984,-30,0,0
15.7975,-30,0,0
342.365,-30,0,0
352.711,-30,0,0
190.248,-30,0,0
288.347,-30,0,0
161.017,-30,0,0
84.0466,-30,0,0
151.207,-30,0,0
110.537,-30,0,0
122.587,-30,0,0
129.434,-30,0,0
451.116,-30,0,0
116.102,-30,0,0
105.816,-30,0,0
35.3526,-30,0,0
115.191,-30,0,0
77.4058,-30,0,0
150.488,-30,0,0
146.949,-30,0,0
133.485,-30,0,0
389.628,-30,0,0
75.8486,-30,0,0
88.4496,-30,0,0
111.003,-30,0,0
202.336,-30,0,0
374.203,-30,0,0
122.97,-30,0,0
411.598,-30,0,0
145.055,-30,0,0
193.659,-30,0,0
317.572,-30,0,0
695.531,-30,0,0
372.096,-30,0,0
470.414,-30,0,0
461.323,-30,0,0
196.937,-30,0,0
140.753,-30,0,0
112.184,-30,0,0
134.789,-30,0,0
193.844,-30,0,0
216.898,-30,0,0
86.0681,-30,0,0
434.106,-30,0,0
105.883,-30,0,0
111.048,-30,0,0
112.321,-30,0,0
125.301,-30,0,0
3.37458,-30,0,0
126.559,-30,0,0
186.451,-30,0,0
174.727,-30,0,0
93.4046,-30,0,0
88.491,-30,0,0
425.262,-30,0,0
216.487,-30,0,0
117.032,-30,0,0
290.651,-30,0,0
313.755,-30,0,0
18.3486,-30,0,0
174.371,-30,0,0
180.777,-30,0,0
161.431,-30,0,0
258.538,-30,0,0
138.659,-30,0,0
278.937,-30,0,0
117.884,-30,0,0
401.55,-30,0,0
107.568,-30,0,0
107.409,-30,0,0
176.858,-30,0,0
139.797,-30,0,0
123.277,-30,0,0
283.934,-30,0,0
313.527,-30,0,0
250.932,-30,0,0
146.638,-30,0,0
375.749,-30,0,0
242.288,-30,0,0
116.784,-30,0,0
162.631,-30,0,0
179.572,-30,0,0
108.307,-30,0,0
135.545,-30,0,0
161.801,-30,0,0
447.887,-30,0,0
92.4568,-30,0,0
100.588,-30,0,0
84.0591,-30,0,0
97.7126,-30,0,0
102.141,-30,0,0
80.258,-30,0,0
212.793,-30,0,0
127.833,-30,0,0
353.751,-30,0,0
102.552,-30,0,0
119.923,-30,0,0
486.902,-30,0,0
119.771,-30,0,0
134.34,-30,0,0
79.5145,-30,0,0
120.92,-30,0,0
94.5246,-30,0,0
294.037,-30,0,0
166.295,-30,0,0
130.038,-30,0,0
88.1603,-30,0,0
118.733,-30,0,0
121.215,-30,0,0
80.0846,-30,0,0
17.5861,-30,0,0
339.839,-30,0,0
108.629,-30,0,0
98.4416,-30,0,0
216.245,-30,0,0
88.3079,-30,0,0
81.3318,-30,0,0
120.688,-30,0,0
130.413,-30,0,0
261.497,-30,0,0
120.782,-30,0,0
137.934,-30,0,0
161.79,-30,0,0
129.213,-30,0,0
135.179,-30,0,0
458.262,-30,0,0
117.737,-30,0,0
80.0389,-30,0,0
116.075,-30,0,0
204.918,-30,0,0
193.538,-30,0,0
95.5885,-30,0,0
80.9019,-30,0,0
347.497,-30,0,0
134.932,-30,0,0
96.8808,-30,0,0
105.846,-30,0,0
432.977,-30,0,0
124.808,-30,0,0
177.223,-30,0,0
48.8167,-30,0,0
220.221,-30,0,0
50.301,-30,0,0
346.503,-30,0,0
415.543,-30,0,0
67.4827,-30,0,0
88.7095,-30,0,0
174.183,-30,0,0
166.452,-30,0,0
134.563,-30,0,0
414.985,-30,0,0
112.68,-30,0,0
121.47,-30,0,0
159.185,-30,0,0
77.3611,-30,0,0
226.212,-30,0,0
114.357,-30,0,0
173.553,-30,0,0
36.9081,-30,0,0
234.467,-30,0,0
170.917,-30,0,0
194.944,-30,0,0
119.794,-30,0,0
135.104,-30,0,0
137.658,-30,0,0
120.021,-30,0,0
282.041,-30,0,0
97.8162,-30,0,0
136.183,-30,0,0
227.515,-30,0,0
122.867,-30,0,0
89.1768,-30,0,0
122.986,-30,0,0
78.3298,-30,0,0
125.752,-30,0,0
136.151,-30,0,0
121.957,-30,0,0
192.968,-30,0,0
230.147,-30,0,0
91.1587,-30,0,0
223.263,-30,0,0
164.961,-30,0,0
255.564,-30,0,0
183.524,-30,0,0
180.564,-30,0,0
101.691,-30,0,0
130.297,-30,0,0
95.2967,-30,0,0
111.208,-30,0,0
142.573,-30,0,0
88.1509,-30,0,0
194.624,-30,0,0
189.488,-30,0,0
212.531,-30,0,0
65.5029,-30,0,0
109.226,-30,0,0
112.412,-30,0,0
89.6585,-30,0,0
170.164,-30,0,0
85.6229,-30,0,0
425.502,-30,0,0
106.755,-30,0,0
244.966,-30,0,0
125.14,-30,0,0
51.833,-30,0,0
88.6556,-30,0,0
163.575,-30,0,0
292.937,-30,0,0
192.52,-30,0,0
461.741,-30,0,0
261.597,-30,0,0
133.987,-30,0,0
495.572,-30,0,0
83.5338,-30,0,0
199.064,-30,0,0
83.1279,-30,0,0
104.187,-30,0,0
661.95,-30,0,0
294.744,-30,0,0
100.74,-30,0,0
276.217,-30,0,0
119.634,-30,0,0
136.242,-30,0,0
27.8553,-30,0,0
169.108,-30,0,0
443.433,-30,0,0
107.601,-30,0,0
304.308,-30,0,0
167.845,-30,0,0
229.808,-30,0,0
319.855,-30,0,0
218.612,-30,0,0
100.272,-30,0,0
107.272,-30,0,0
81.4421,-30,0,0
197.653,-30,0,0
92.827,-30,0,0
88.9767,-30,0,0
422.103,-30,0,0
94.8996,-30,0,0
158.622,-30,0,0
128.849,-30,0,0
36.4811,-30,0,0
87.6992,-30,0,0
230.475,-30,0,0
98.7393,-30,0,0
142.829,-30,0,0
1.39792,-30,0,0
288.832,-30,0,0
330.575,-30,0,0
216.68,-30,0,0
265.159,-30,0,0
228.822,-30,0,0
288.371,-30,0,0
157.388,-30,0,0
196.95,-30,0,0
305.139,-30,0,0
97.0386,-30,0,0
288.602,-30,0,0
65.3441,-30,0,0
101.216,-30,0,0
95.7259,-30,0,0
242.067,-30,0,0
191.745,-30,0,0
110.811,-30,0,0
248.034,-30,0,0
269.586,-30,0,0
127.214,-30,0,0
428.027,-30,0,0
74.9087,-30,0,0
82.8974,-30,0,0
412.608,-30,0,0
97.2495,-30,0,0
328.457,-30,0,0
92.2273,-30,0,0
281.322,-30,0,0
92.5472,-30,0,0
284.282,-30,0,0
112.905,-30,0,0
287.405,-30,0,0
159.087,-30,0,0
36.9015,-30,0,0
140.361,-30,0,0
36.961,-30,0,0
505.968,-30,0,0
94.9978,-30,0,0
108.611,-30,0,0
223.452,-30,0,0
278.594,-30,0,0
120.798,-30,0,0
94.5358,-30,0,0
249.038,-30,0,0
118.168,-30,0,0
129.976,-30,0,0
214.834,-30,0,0
97.6098,-30,0,0
2.76902,-30,0,0
82.3108,-30,0,0
94.2245,-30,0,0
91.5765,-30,0,0
117.581,-30,0,0
84.6959,-30,0,0
187.657,-30,0,0
282.055,-30,0,0
94.6615,-30,0,0
228.451,-30,0,0
98.6918,-30,0,0
374.594,-30,0,0
236.748,-30,0,0
270.344,-30,0,0
237.135,-30,0,0
787.518,-30,0,0
111.426,-30,0,0
143.61,-30,0,0
78.1327,-30,0,0
192.637,-30,0,0
117.068,-30,0,0
98.38,-30,0,0
95.1158,-30,0,0
94.4601,-30,0,0
86.2725,-30,0,0
168.434,-30,0,0
89.1751,-30,0,0
90.1523,-30,0,0
93.068,-30,0,0
133.911,-30,0,0
95.7326,-30,0,0
317.084,-30,0,0
459.181,-30,0,0
127.589,-30,0,0
357.8,-30,0,0
403.199,-30,0,0
130.478,-30,0,0
170.769,-30,0,0
196.09,-30,0,0
247.689,-30,0,0
122.802,-30,0,0
88.3254,-30,0,0
409.301,-30,0,0
150.68,-30,0,0
326.406,-30,0,0
173.093,-30,0,0
87.2508,-30,0,0
327.074,-30,0,0
429.203,-30,0,0
214.408,-30,0,0
141.695,-30,0,0
67.0611,-30,0,0
74.3404,-30,0,0
206.524,-30,0,0
206.862,-30,0,0
163.496,-30,0,0
234.705,-30,0,0
202.198,-30,0,0
124.07,-30,0,0
165.452,-30,0,0
146.804,-30,0,0
762.387,-30,0,0
127.324,-30,0,0
605.535,-30,0,0
89.0601,-30,0,0
303.501,-30,0,0
133.151,-30,0,0
51.098,-30,0,0
92.0486,-30,0,0
177.272,-30,0,0
61.9235,-30,0,0
140.859,-30,0,0
161.137,-30,0,0
22.4424,-30,0,0
143.762,-30,0,0
95.3181,-30,0,0
458.765,-30,0,0
101.295,-30,0,0
103.252,-30,0,0
94.1193,-30,0,0
114.559,-30,0,0
437.673,-30,0,0
552.262,-30,0,0
116.047,-30,0,0
155.855,-30,0,0
289.485,-30,0,0
103.732,-30,0,0
255.969,-30,0,0
84.8607,-30,0,0
119.872,-30,0,0
101.484,-30,0,0
264.578,-30,0,0
97.085,-30,0,0
310.481,-30,0,0
85.844,-30,0,0
95.2824,-30,0,0
52.0361,-30,0,0
154.775,-30,0,0
156.559,-30,0,0
317.615,-30,0,0
272.419,-30,0,0
149.951,-30,0,0
74.8776,-30,0,0
105.975,-30,0,0
93.8317,-30,0,0
216.19,-30,0,0
228.262,-30,0,0
180.067,-30,0,0
102.101,-30,0,0
94.2848,-30,0,0
121.739,-30,0,0
133.946,-30,0,0
446.804,-30,0,0
174.143,-30,0,0
109.159,-30,0,0
112.391,-30,0,0
377.667,-30,0,0
152.79,-30,0,0
121.286,-30,0,0
83.6357,-30,0,0
127.836,-30,0,0
243.991,-30,0,0
108.144,-30,0,0
213.628,-30,0,0
277.55,-30,0,0
101.047,-30,0,0
10.4459,-30,0,0
103.319,-30,0,0
112.829,-30,0,0
153.271,-30,0,0
128.733,-30,0,0
40.7455,-30,0,0
633.812,-30,0,0
410.605,-30,0,0
220.578,-30,0,0
141.666,-30,0,0
475.607,-30,0,0
573.254,-30,0,0
102.557,-30,0,0
14.8829,-30,0,0
120.968,-30,0,0
413.692,-30,0,0
212.911,-30,0,0
474.263,-30,0,0
84.5068,-30,0,0
172.86,-30,0,0
162.624,-30,0,0
132.041,-30,0,0
133.258,-30,0,0
324.157,-30,0,0
324.925,-30,0,0
236.613,-30,0,0
128.509,-30,0,0
112.794,-30,0,0
32.8534,-30,0,0
300.574,-30,0,0
305.14,-30,0,0
93.4,-30,0,0
64.0187,-30,0,0
155.997,-30,0,0
78.3515,-30,0,0
81.3744,-30,0,0
272.241,-30,0,0
93.7005,-30,0,0
408.884,-30,0,0
103.457,-30,0,0
72.9831,-30,0,0
617.365,-30,0,0
364.938,-30,0,0
372.873,-30,0,0
106.287,-30,0,0
127.072,-30,0,0
74.3801,-30,0,0
155.05,-30,0,0
955.823,-30,0,0
129.021,-30,0,0
101.124,-30,0,0
83.3493,-30,0,0
138.157,-30,0,0
81.4324,-30,0,0
131.201,-30,0,0
189.551,-30,0,0
203.789,-30,0,0
188.664,-30,0,0
117.281,-30,0,0
140.346,-30,0,0
107.992,-30,0,0
129.718,-30,0,0
119.798,-30,0,0
155.164,-30,0,0
121.691,-30,0,0
251.649,-30,0,0
182.289,-30,0,0
97.924,-30,0,0
133.191,-30,0,0
170.448,-30,0,0
159.691,-30,0,0
175.486,-30,0,0
240.823,-30,0,0
133.08,-30,0,0
337.781,-30,0,0
97.7557,-30,0,0
146.804,-30,0,0
127.088,-30,0,0
124.829,-30,0,0
92.406,-30,0,0
130.001,-30,0,0
90.633,-30,0,0
51.7092,-30,0,0
79.4804,-30,0,0
129.746,-30,0,0
250.953,-30,0,0
74.3715,-30,0,0
175.238,-30,0,0
437.533,-30,0,0
94.4136,-30,0,0
126.79,-30,0,0
289.993,-30,0,0
676.359,-30,0,0
14.0549,-30,0,0
206.372,-30,0,0
14.1246,-30,0,0
118.656,-30,0,0
111.804,-30,0,0
131.05,-30,0,0
56.797,-30,0,0
63.6465,-30,0,0
203.807,-30,0,0
90.9052,-30,0,0
133.278,-30,0,0
145.864,-30,0,0
596.739,-30,0,0
486.095,-30,0,0
450.476,-30,0,0
117.731,-30,0,0
110.72,-30,0,0
118.33,-30,0,0
160.752,-30,0,0
153.387,-30,0,0
541.789,-30,0,0
135.134,-30,0,0
131.014,-30,0,0
161.466,-30,0,0
187.628,-30,0,0
90.1304,-30,0,0
141.047,-30,0,0
277.835,-30,0,0
109.112,-30,0,0
151.918,-30,0,0
133.612,-30,0,0
89.5878,-30,0,0
121.929,-30,0,0
69.8877,-30,0,0
134.504,-30,0,0
73.0895,-30,0,0
217.515,-30,0,0
190.446,-30,0,0
188.978,-30,0,0
86.1899,-30,0,0
121.725,-30,0,0
15.0602,-30,0,0
105.709,-30,0,0
118.117,-30,0,0
121.494,-30,0,0
130.084,-30,0,0
261.619,-30,0,0
264.058,-30,0,0
276.72,-30,0,0
117.689,-30,0,0
107.773,-30,0,0
129.774,-30,0,0
407.657,-30,0,0
101.267,-30,0,0
101.471,-30,0,0
78.5046,-30,0,0
11.103,-30,0,0
170.139,-30,0,0
519.222,-30,0,0
176.007,-30,0,0
92.0445,-30,0,0
104.073,-30,0,0
94.9852,-30,0,0
84.9789,-30,0,0
168.926,-30,0,0
180.645,-30,0,0
77.9243,-30,0,0
109.224,-30,0,0
253.64,-30,0,0
364.984,-30,0,0
335.481,-30,0,0
84.725,-30,0,0
88.1065,-30,0,0
324.947,-30,0,0
847.506,-30,0,0
488.717,-30,0,0
177.397,-30,0,0
117.813,-30,0,0
87.5657,-30,0,0
122.812,-30,0,0
101.795,-30,0,0
145.417,-30,0,0
495.188,-30,0,0
55.9553,-30,0,0
114.856,-30,0,0
100.797,-30,0,0
72.3408,-30,0,0
167.048,-30,0,0
108.74,-30,0,0
116.794,-30,0,0
144.461,-30,0,0
83.3556,-30,0,0
119.394,-30,0,0
88.2563,-30,0,0
455.095,-30,0,0
77.7883,-30,0,0
264.942,-30,0,0
102.369,-30,0,0
217.161,-30,0,0
181.902,-30,0,0
119.228,-30,0,0
378.817,-30,0,0
94.5224,-30,0,0
253.707,-30,0,0
80.1687,-30,0,0
97.9264,-30,0,0
128.132,-30,0,0
137.466,-30,0,0
220.657,-30,0,0
327.218,-30,0,0
82.1717,-30,0,0
82.3681,-30,0,0
349.57,-30,0,0
78.7869,-30,0,0
410.616,-30,0,0
74.999,-30,0,0
152.296,-30,0,0
301.723,-30,0,0
859.859,-30,0,0
85.3262,-30,0,0
195.236,-30,0,0
116.525,-30,0,0
106.128,-30,0,0
238.817,-30,0,0
158.861,-30,0,0
326.671,-30,0,0
109.686,-30,0,0
77.2317,-30,0,0
161.664,-30,0,0
165.841,-30,0,0
84.2556,-30,0,0
82.3598,-30,0,0
176.584,-30,0,0
222.747,-30,0,0
69.949,-30,0,0
89.6714,-30,0,0
129.803,-30,0,0
97.7069,-30,0,0
126.368,-30,0,0
52.926,-30,0,0
8.62403,-30,0,0
208.757,-30,0,0
164.148,-30,0,0
9.03703,-30,0,0
191.271,-30,0,0
80.2577,-30,0,0
516.713,-30,0,0
413.789,-30,0,0
86.7629,-30,0,0
88.4259,-30,0,0
276.204,-30,0,0
85.3896,-30,0,0
145.699,-30,0,0
155.135,-30,0,0
412.737,-30,0,0
74.31,-30,0,0
300.603,-30,0,0
242.581,-30,0,0
120.892,-30,0,0
248.924,-30,0,0
112.743,-30,0,0
114.86,-30,0,0
114.444,-30,0,0
126.206,-30,0,0
105.577,-30,0,0
82.7697,-30,0,0
122.033,-30,0,0
117.802,-30,0,0
93.1893,-30,0,0
86.3055,-30,0,0
86.3316,-30,0,0
344.352,-30,0,0
137.913,-30,0,0
106.925,-30,0,0
407.223,-30,0,0
94.1515,-30,0,0
360.699,-30,0,0
96.055,-30,0,0
92.3244,-30,0,0
254.546,-30,0,0
339.154,-30,0,0
105.154,-30,0,0
191.327,-30,0,0
178.904,-30,0,0
161.699,-30,0,0
96.6841,-30,0,0
95.9955,-30,0,0
124.054,-30,0,0
435.001,-30,0,0
270.804,-30,0,0
192.332,-30,0,0
152.552,-30,0,0
130.774,-30,0,0
271.366,-30,0,0
87.9778,-30,0,0
479.954,-30,0,0
142.046,-30,0,0
81.8692,-30,0,0
134.674,-30,0,0
15.7975,-30,0,0
103.331,-30,0,0
112.936,-30,0,0
276.775,-30,0,0
755.382,-30,0,0
109.051,-30,0,0
273.567,-30,0,0
68.1247,-30,0,0
61.3518,-30,0,0
147.13,-30,0,0
161.336,-30,0,0
88.6043,-30,0,0
169.822,-30,0,0
93.5498,-30,0,0
294.743,-30,0,0
174.295,-30,0,0
96.9237,-30,0,0
88.1719,-30,0,0
75.2111,-30,0,0
132.295,-30,0,0
242.163,-30,0,0
153.918,-30,0,0
188.304,-30,0,0
142.113,-30,0,0
106.762,-30,0,0
97.6333,-30,0,0
273.38,-30,0,0
206.944,-30,0,0
104.839,-30,0,0
809.346,-30,0,0
137.855,-30,0,0
75.4512,-30,0,0
356.221,-30,0,0
121.436,-30,0,0
326.07,-30,0,0
140.631,-30,0,0
136.145,-30,0,0
244.305,-30,0,0
272.354,-30,0,0
144.447,-30,0,0
133.216,-30,0,0
266.406,-30,0,0
82.875,-30,0,0
216.586,-30,0,0
354.947,-30,0,0
128.545,-30,0,0
154.576,-30,0,0
365.461,-30,0,0
121.802,-30,0,0
384.6,-30,0,0
1.41757,-30,0,0
556.658,-30,0,0
122.407,-30,0,0
73.9098,-30,0,0
30.0964,-30,0,0
344.728,-30,0,0
71.2713,-30,0,0
103.409,-30,0,0
476.678,-30,0,0
147.183,-30,0,0
85.0886,-30,0,0
542.55,-30,0,0
74.463,-30,0,0
233.211,-30,0,0
57.0547,-30,0,0
124.589,-30,0,0
315.728,-30,0,0
229.018,-30,0,0
103.509,-30,0,0
542.123,-30,0,0
86.7273,-30,0,0
22.2371,-30,0,0
188.872,-30,0,0
90.577,-30,0,0
269.716,-30,0,0
141.788,-30,0,0
90.9634,-30,0,0
85.4145,-30,0,0
478.826,-30,0,0
31.9667,-30,0,0
252.623,-30,0,0
144.172,-30,0,0
24.8512,-30,0,0
290.869,-30,0,0
51.3813,-30,0,0
55.4559,-30,0,0
423.404,-30,0,0
223.014,-30,0,0
78.7309,-30,0,0
231.77,-30,0,0
120.835,-30,0,0
115.321,-30,0,0
199.156,-30,0,0
105.495,-30,0,0
235.991,-30,0,0
296.382,-30,0,0
179.653,-30,0,0
139.554,-30,0,0
188.88,-30,0,0
83.3062,-30,0,0
105.421,-30,0,0
270.862,-30,0,0
198.681,-30,0,0
29.9331,-30,0,0
146.479,-30,0,0
123.614,-30,0,0
93.735,-30,0,0
521.814,-30,0,0
335.782,-30,0,0
429.37,-30,0,0
119.246,-30,0,0
80.4544,-30,0,0
81.8971,-30,0,0
103.928,-30,0,0
106.172,-30,0,0
119.122,-30,0,0
379.157,-30,0,0
189.197,-30,0,0
423.348,-30,0,0
230.475,-30,0,0
265.305,-30,0,0
472.28,-30,0,0
96.7843,-30,0,0
39.3225,-30,0,0
102.912,-30,0,0
339.23,-30,0,0
146.659,-30,0,0
121.469,-30,0,0
198.568,-30,0,0
82.6481,-30,0,0
101.502,-30,0,0
106.136,-30,0,0
90.0993,-30,0,0
458.021,-30,0,0
119.218,-30,0,0
345.463,-30,0,0
106.401,-30,0,0
156.616,-30,0,0
73.9886,-30,0,0
79.1937,-30,0,0
437.804,-30,0,0
293.233,-30,0,0
154.823,-30,0,0
181.809,-30,0,0
139.476,-30,0,0
12.8422,-30,0,0
106.304,-30,0,0
461.872,-30,0,0
501.996,-30,0,0
122.526,-30,0,0
96.3251,-30,0,0
178.513,-30,0,0
83.8508,-30,0,0
89.7887,-30,0,0
181.247,-30,0,0
205.641,-30,0,0
31.7452,-30,0,0
75.102,-30,0,0
456.643,-30,0,0
301.246,-30,0,0
250.304,-30,0,0
84.8597,-30,0,0
139.564,-30,0,0
296.529,-30,0,0
142.829,-30,0,0
64.1588,-30,0,0
185.391,-30,0,0
82.2378,-30,0,0
150.267,-30,0,0
100.077,-30,0,0
124.858,-30,0,0
335.803,-30,0,0
54.8664,-30,0,0
156.962,-30,0,0
75.0962,-30,0,0
114.13,-30,0,0
229.426,-30,0,0
90.2528,-30,0,0
218.911,-30,0,0
177.566,-30,0,0
103.543,-30,0,0
184.08,-30,0,0
104.187,-30,0,0
135.194,-30,0,0
103.038,-30,0,0
427.503,-30,0,0
204.352,-30,0,0
119.66,-30,0,0
16.4693,-30,0,0
86.5316,-30,0,0
94.6718,-30,0,0
65.5146,-30,0,0
368.49,-30,0,0
530.551,-30,0,0
358.482,-30,0,0
108.259,-30,0,0
468.542,-30,0,0
422.343,-30,0,0
109.82,-30,0,0
239.316,-30,0,0
178.388,-30,0,0
113.907,-30,0,0
1.83357,-30,0,0
73.8061,-30,0,0
186.902,-30,0,0
68.8753,-30,0,0
192.652,-30,0,0
151.063,-30,0,0
163.298,-30,0,0
116.308,-30,0,0
51.6429,-30,0,0
26.4675,-30,0,0
113.217,-30,0,0
67.7038,-30,0,0
5.21635,-30,0,0
169.029,-30,0,0
326.33,-30,0,0
151.719,-30,0,0
407.909,-30,0,0
75.9717,-30,0,0
121.142,-30,0,0
345.695,-30,0,0
243.029,-30,0,0
228.924,-30,0,0
246.745,-30,0,0
94.507,-30,0,0
89.8892,-30,0,0
82.682,-30,0,0
340.25,-30,0,0
124.016,-30,0,0
158.336,-30,0,0
338.213,-30,0,0
97.0793,-30,0,0
11.2159,-30,0,0
88.552,-30,0,0
93.9195,-30,0,0
194.938,-30,0,0
85.2334,-30,0,0
113.018,-30,0,0
88.4054,-30,0,0
601.585,-30,0,0
113.928,-30,0,0
54.8958,-30,0,0
93.3069,-30,0,0
538.992,-30,0,0
95.7293,-30,0,0
146.363,-30,0,0
76.8457,-30,0,0
87.4934,-30,0,0
49.6307,-30,0,0
214.774,-30,0,0
169.15,-30,0,0
116.023,-30,0,0
121.393,-30,0,0
329.746,-30,0,0
139.8,-30,0,0
150.678,-30,0,0
138.619,-30,0,0
89.8495,-30,0,0
82.7472,-30,0,0
78.0693,-30,0,0
101.025,-30,0,0
264.345,-30,0,0
49.4722,-30,0,0
187.735,-30,0,0
147.76,-30,0,0
119.731,-30,0,0
115.731,-30,0,0
452.935,-30,0,0
101.279,-30,0,0
95.6797,-30,0,0
137.162,-30,0,0
102.485,-30,0,0
94.1997,-30,0,0
148.24,-30,0,0
142.457,-30,0,0
145.295,-30,0,0
71.5506,-30,0,0
98.4962,-30,0,0
537.843,-30,0,0
347.581,-30,0,0
171.4,-30,0,0
129.482,-30,0,0
136.373,-30,0,0
94.6639,-30,0,0
163.95,-30,0,0
168.455,-30,0,0
397.932,-30,0,0
97.8126,-30,0,0
121.462,-30,0,0
230.935,-30,0,0
104.959,-30,0,0
89.8979,-30,0,0
122.084,-30,0,0
95.1595,-30,0,0
74.5743,-30,0,0
95.1559,-30,0,0
159.289,-30,0,0
485.594,-30,0,0
117.621,-30,0,0
212.571,-30,0,0
80.0225,-30,0,0
226.439,-30,0,0
195.323,-30,0,0
118.487,-30,0,0
336.14,-30,0,0
136.559,-30,0,0
94.6179,-30,0,0
101.264,-30,0,0
104.602,-30,0,0
99.5686,-30,0,0
256.642,-30,0,0
46.6732,-30,0,0
162.839,-30,0,0
194.176,-30,0,0
88.1894,-30,0,0
90.981,-30,0,0
345.857,-30,0,0
88.7347,-30,0,0
345.925,-30,0,0
154.824,-30,0,0
160.238,-30,0,0
85.6955,-30,0,0
116.692,-30,0,0
132.928,-30,0,0
118.447,-30,0,0
290.641,-30,0,0
252.866,-30,0,0
107.512,-30,0,0
116.091,-30,0,0
94.894,-30,0,0
171.439,-30,0,0
114.211,-30,0,0
131.173,-30,0,0
130.678,-30,0,0
117.325,-30,0,0
291.468,-30,0,0
172.986,-30,0,0
132.804,-30,0,0
216.975,-30,0,0
547.697,-30,0,0
121.652,-30,0,0
113.058,-30,0,0
433.225,-30,0,0
88.959,-30,0,0
204.117,-30,0,0
73.4286,-30,0,0
77.0637,-30,0,0
82.9673,-30,0,0
46.189,-30,0,0
111.544,-30,0,0
93.6471,-30,0,0
226.015,-30,0,0
305.914,-30,0,0
77.8327,-30,0,0
68.6535,-30,0,0
96.7184,-30,0,0
120.461,-30,0,0
199.187,-30,0,0
105.472,-30,0,0
160.664,-30,0,0
299.865,-30,0,0
149.351,-30,0,0
116.668,-30,0,0
87.1689,-30,0,0
146.272,-30,0,0
101.802,-30,0,0
115.368,-30,0,0
483.223,-30,0,0
240.089,-30,0,0
204.259,-30,0,0
249.727,-30,0,0
252.545,-30,0,0
86.8158,-30,0,0
113.441,-30,0,0
244.893,-30,0,0
393.664,-30,0,0
94.1156,-30,0,0
233.226,-30,0,0
100.102,-30,0,0
106.147,-30,0,0
105.148,-30,0,0
156.951,-30,0,0
170.071,-30,0,0
243.198,-30,0,0
113.165,-30,0,0
75.5076,-30,0,0
130.553,-30,0,0
474.226,-30,0,0
180.067,-30,0,0
74.9371,-30,0,0
89.6704,-30,0,0
116.099,-30,0,0
168.419,-30,0,0
279.929,-30,0,0
88.7685,-30,0,0
70.4542,-30,0,0
314.932,-30,0,0
80.2311,-30,0,0
95.2764,-30,0,0
229.451,-30,0,0
125.168,-30,0,0
287.883,-30,0,0
24.1182,-30,0,0
118.392,-30,0,0
103.968,-30,0,0
352.001,-30,0,0
76.2783,-30,0,0
145.63,-30,0,0
145.459,-30,0,0
183.15,-30,0,0
95.48,-30,0,0
104.342,-30,0,0
12.612,-30,0,0
108.528,-30,0,0
111.952,-30,0,0
90.6491,-30,0,0
110.683,-30,0,0
150.321,-30,0,0
106.77,-30,0,0
62.0936,-30,0,0
84.0648,-30,0,0
154.618,-30,0,0
210.413,-30,0,0
106.07,-30,0,0
178.557,-30,0,0
97.76,-30,0,0
125.183,-30,0,0
80.4273,-30,0,0
161.122,-30,0,0
174.595,-30,0,0
77.8998,-30,0,0
386.367,-30,0,0
485.717,-30,0,0
118.56,-30,0,0
29.0516,-30,0,0
159.816,-30,0,0
215.56,-30,0,0
164.828,-30,0,0
35.2162,-30,0,0
74.9674,-30,0,0
84.1259,-30,0,0
147.381,-30,0,0
147.218,-30,0,0
340.409,-30,0,0
313.656,-30,0,0
79.5255,-30,0,0
84.0105,-30,0,0
272.307,-30,0,0
108.828,-30,0,0
64.7897,-30,0,0
178.913,-30,0,0
78.8967,-30,0,0
151.018,-30,0,0
230.057,-30,0,0
138.02,-30,0,0
72.4255,-30,0,0
99.7412,-30,0,0
148.804,-30,0,0
85.2277,-30,0,0
141.337,-30,0,0
97.9631,-30,0,0
407.183,-30,0,0
126.571,-30,0,0
91.4886,-30,0,0
120.693,-30,0,0
86.5238,-30,0,0
98.2395,-30,0,0
232.183,-30,0,0
3.20225,-30,0,0
68.97,-30,0,0
198.384,-30,0,0
433.234,-30,0,0
120.843,-30,0,0
119.8,-30,0,0
95.8457,-30,0,0
362.955,-30,0,0
519.733,-30,0,0
102.494,-30,0,0
92.9285,-30,0,0
84.2701,-30,0,0
303.288,-30,0,0
109.902,-30,0,0
126.014,-30,0,0
237.765,-30,0,0
93.8621,-30,0,0
95.7948,-30,0,0
116.087,-30,0,0
92.2371,-30,0,0
122.946,-30,0,0
103.204,-30,0,0
167.191,-30,0,0
216.511,-30,0,0
449.059,-30,0,0
162.834,-30,0,0
100.298,-30,0,0
90.5507,-30,0,0
42.3354,-30,0,0
364.109,-30,0,0
558.716,-30,0,0
57.4334,-30,0,0
76.1551,-30,0,0
148.252,-30,0,0
224.178,-30,0,0
44.36,-30,0,0
223.592,-30,0,0
5.55831,-30,0,0
96.7879,-30,0,0
152.585,-30,0,0
189.924,-30,0,0
95.8153,-30,0,0
519.417,-30,0,0
183.74,-30,0,0
116.968,-30,0,0
117.289,-30,0,0
150.85,-30,0,0
418.169,-30,0,0
11.7591,-30,0,0
96.4378,-30,0,0
136.089,-30,0,0
61.1046,-30,0,0
164.289,-30,0,0
218.59,-30,0,0
87.1138,-30,0,0
137.557,-30,0,0
109.145,-30,0,0
111.374,-30,0,0
182.405,-30,0,0
118.666,-30,0,0
38.8479,-30,0,0
203.54,-30,0,0
194.027,-30,0,0
181.435,-30,0,0
145.568,-30,0,0
243.217,-30,0,0
130.94,-30,0,0
419.728,-30,0,0
102.637,-30,0,0
172.304,-30,0,0
291.487,-30,0,0
260.449,-30,0,0
93.3779,-30,0,0
84.7438,-30,0,0
489.262,-30,0,0
151.458,-30,0,0
122.558,-30,0,0
125.64,-30,0,0
107.696,-30,0,0
103.408,-30,0,0
487.363,-30,0,0
113.832,-30,0,0
121.281,-30,0,0
435.097,-30,0,0
299.214,-30,0,0
78.6072,-30,0,0
503.926,-30,0,0
204.634,-30,0,0
141.801,-30,0,0
88.2382,-30,0,0
145.817,-30,0,0
98.5277,-30,0,0
223.226,-30,0,0
398.985,-30,0,0
164.26,-30,0,0
288.219,-30,0,0
120.803,-30,0,0
37.5381,-30,0,0
173.385,-30,0,0
316.846,-30,0,0
81.6028,-30,0,0
181.89,-30,0,0
127.46,-30,0,0
248.399,-30,0,0
176.32,-30,0,0
201.217,-30,0,0
124.373,-30,0,0
162.804,-30,0,0
93.8323,-30,0,0
115.743,-30,0,0
139.345,-30,0,0
84.6547,-30,0,0
178.448,-30,0,0
159.272,-30,0,0
94.7814,-30,0,0
141.697,-30,0,0
153.918,-30,0,0
81.0778,-30,0,0
83.9019,-30,0,0
145.827,-30,0,0
158.38,-30,0,0
79.6376,-30,0,0
103.941,-30,0,0
216.79,-30,0,0
142.402,-30,0,0
69.712,-30,0,0
181.895,-30,0,0
192.934,-30,0,0
365.381,-30,0,0
95.0272,-30,0,0
100.315,-30,0,0
82.2857,-30,0,0
75.9757,-30,0,0
465.14,-30,0,0
274.804,-30,0,0
56.3517,-30,0,0
81.4445,-30,0,0
255.978,-30,0,0
89.6721,-30,0,0
147.755,-30,0,0
147.049,-30,0,0
84.8787,-30,0,0
277.945,-30,0,0
109.321,-30,0,0
88.8273,-30,0,0
155.099,-30,0,0
114.082,-30,0,0
318.175,-30,0,0
97.4003,-30,0,0
93.2518,-30,0,0
79.1729,-30,0,0
338.621,-30,0,0
164.907,-30,0,0
165.24,-30,0,0
194.484,-30,0,0
129.678,-30,0,0
134.559,-30,0,0
100.799,-30,0,0
230.785,-30,0,0
100.263,-30,0,0
248.358,-30,0,0
354.875,-30,0,0
106.135,-30,0,0
447.792,-30,0,0
12.0016,-30,0,0
95.645,-30,0,0
110.34,-30,0,0
166.098,-30,0,0
816.317,-30,0,0
242.072,-30,0,0
302.78,-30,0,0
170.575,-30,0,0
352.26,-30,0,0
75.9007,-30,0,0
281.335,-30,0,0
96.252,-30,0,0
119.257,-30,0,0
173.334,-30,0,0
242.455,-30,0,0
123.676,-30,0,0
208.91,-30,0,0
190.568,-30,0,0
227.416,-30,0,0
77.6439,-30,0,0
132.865,-30,0,0
103.135,-30,0,0
93.4466,-30,0,0
140.466,-30,0,0
14.354,-30,0,0
223.995,-30,0,0
108.206,-30,0,0
195.489,-30,0,0
82.345,-30,0,0
85.9108,-30,0,0
97.6208,-30,0,0
183.174,-30,0,0
250.279,-30,0,0
243.384,-30,0,0
145.034,-30,0,0
230.956,-30,0,0
78.9035,-30,0,0
150.03,-30,0,0
212.378,-30,0,0
135.208,-30,0,0
100.46,-30,0,0
84.4865,-30,0,0
121.923,-30,0,0
93.1052,-30,0,0
171.357,-30,0,0
199.889,-30,0,0
1.09168,-30,0,0
76.3466,-30,0,0
75.8441,-30,0,0
202.724,-30,0,0
187.299,-30,0,0
160.646,-30,0,0
195.27,-30,0,0
90.247,-30,0,0
258.993,-30,0,0
292.713,-30,0,0
424.991,-30,0,0
14.0549,-30,0,0
82.7815,-30,0,0
54.5069,-30,0,0
126.927,-30,0,0
80.3773,-30,0,0
74.6708,-30,0,0
96.6106,-30,0,0
118.357,-30,0,0
8.98517,-30,0,0
411.056,-30,0,0
168.83,-30,0,0
103.748,-30,0,0
95.0537,-30,0,0
313.027,-30,0,0
107.807,-30,0,0
156.339,-30,0,0
99.6619,-30,0,0
181.475,-30,0,0
151.13,-30,0,0
258.19,-30,0,0
110.928,-30,0,0
69.3456,-30,0,0
494.46,-30,0,0
153.94,-30,0,0
296.706,-30,0,0
427.025,-30,0,0
386.381,-30,0,0
258.478,-30,0,0
98.7227,-30,0,0
80.024,-30,0,0
90.6001,-30,0,0
251.425,-30,0,0
321.788,-30,0,0
170.984,-30,0,0
345.556,-30,0,0
177.16,-30,0,0
174.514,-30,0,0
99.3782,-30,0,0
106.025,-30,0,0
337.147,-30,0,0
90.849,-30,0,0
257.845,-30,0,0
292.8,-30,0,0
128.953,-30,0,0
286.675,-30,0,0
151.581,-30,0,0
73.7721,-30,0,0
232.061,-30,0,0
5.69891,-30,0,0
131.683,-30,0,0
434.71,-30,0,0
48.1041,-30,0,0
350.826,-30,0,0
103.141,-30,0,0
140.583,-30,0,0
212.715,-30,0,0
127.361,-30,0,0
218.123,-30,0,0
113.304,-30,0,0
293.948,-30,0,0
61.9249,-30,0,0
64.0913,-30,0,0
101.154,-30,0,0
101.278,-30,0,0
109.403,-30,0,0
45.8058,-30,0,0
104.214,-30,0,0
211.551,-30,0,0
14.8519,-30,0,0
150.381,-30,0,0
60.8195,-30,0,0
107.979,-30,0,0
231.001,-30,0,0
117.47,-30,0,0
117.979,-30,0,0
135.434,-30,0,0
311.737,-30,0,0
83.0746,-30,0,0
88.9014,-30,0,0
91.8802,-30,0,0
59.0514,-30,0,0
145.526,-30,0,0
339.352,-30,0,0
100.55,-30,0,0
145.073,-30,0,0
96.6147,-30,0,0
492.822,-30,0,0
66.0115,-30,0,0
124.4,-30,0,0
368.164,-30,0,0
153.386,-30,0,0
111.42,-30,0,0
39.2262,-30,0,0
132.517,-30,0,0
255.134,-30,0,0
291.318,-30,0,0
304.584,-30,0,0
98.4314,-30,0,0
103.769,-30,0,0
146.98,-30,0,0
504.577,-30,0,0
120.15,-30,0,0
94.0574,-30,0,0
115.575,-30,0,0
89.3234,-30,0,0
320.118,-30,0,0
439.385,-30,0,0
202.533,-30,0,0
73.4561,-30,0,0
192.185,-30,0,0
183.381,-30,0,0
316.872,-30,0,0
360.475,-30,0,0
132.289,-30,0,0
102.087,-30,0,0
301.147,-30,0,0
90.2331,-30,0,0
264.427,-30,0,0
190.811,-30,0,0
69.7893,-30,0,0
128.52,-30,0,0
236.317,-30,0,0
21.0545,-30,0,0
312.621,-30,0,0
323.109,-30,0,0
1.6242,-30,0,0
71.7325,-30,0,0
72.8321,-30,0,0
111.94,-30,0,0
219.092,-30,0,0
145.432,-30,0,0
345.497,-30,0,0
465.272,-30,0,0
119.825,-30,0,0
270.624,-30,0,0
178.495,-30,0,0
113.036,-30,0,0
97.5925,-30,0,0
100.817,-30,0,0
66.0291,-30,0,0
230.92,-30,0,0
201.438,-30,0,0
122.102,-30,0,0
107.278,-30,0,0
97.0275,-30,0,0
183.173,-30,0,0
77.5582,-30,0,0
344.922,-30,0,0
55.1694,-30,0,0
120.648,-30,0,0
355.034,-30,0,0
6.66295,-30,0,0
92.4894,-30,0,0
83.1054,-30,0,0
323.557,-30,0,0
449.727,-30,0,0
82.9567,-30,0,0
180.904,-30,0,0
154.461,-30,0,0
86.6306,-30,0,0
424.785,-30,0,0
92.5529,-30,0,0
159.316,-30,0,0
243.651,-30,0,0
426.473,-30,0,0
97.8028,-30,0,0
91.7933,-30,0,0
471.501,-30,0,0
87.684,-30,0,0
139.101,-30,0,0
135.306,-30,0,0
99.8572,-30,0,0
128.859,-30,0,0
177.567,-30,0,0
118.439,-30,0,0
107.534,-30,0,0
325.311,-30,0,0
774.412,-30,0,0
68.5918,-30,0,0
124.104,-30,0,0
130.96,-30,0,0
159.778,-30,0,0
418.114,-30,0,0
283.11,-30,0,0
119.27,-30,0,0
82.717,-30,0,0
94.9437,-30,0,0
363.318,-30,0,0
118.393,-30,0,0
129.479,-30,0,0
93.0867,-30,0,0
79.9673,-30,0,0
141.926,-30,0,0
112.305,-30,0,0
20.1932,-30,0,0
660.57,-30,0,0
479.795,-30,0,0
75.3016,-30,0,0
83.9381,-30,0,0
110.138,-30,0,0
156.381,-30,0,0
147.659,-30,0,0
125.372,-30,0,0
75.2526,-30,0,0
127.689,-30,0,0
172.87,-30,0,0
0.986044,-30,0,0
401.452,-30,0,0
250.241,-30,0,0
182.625,-30,0,0
75.434,-30,0,0
125.175,-30,0,0
127.798,-30,0,0
287.506,-30,0,0
105.976,-30,0,0
100.353,-30,0,0
238.04,-30,0,0
98.2875,-30,0,0
86.6393,-30,0,0
264.545,-30,0,0
163.989,-30,0,0
185.792,-30,0,0
98.5414,-30,0,0
115.733,-30,0,0
151.499,-30,0,0
445.771,-30,0,0
83.2053,-30,0,0
620.311,-30,0,0
294.485,-30,0,0
138.939,-30,0,0
34.7781,-30,0,0
186.399,-30,0,0
112.364,-30,0,0
631.363,-30,0,0
99.7224,-30,0,0
160.878,-30,0,0
86.0517,-30,0,0
104.205,-30,0,0
211.853,-30,0,0
566.551,-30,0,0
102.042,-30,0,0
115.543,-30,0,0
112.199,-30,0,0
90.206,-30,0,0
168.143,-30,0,0
136.121,-30,0,0
137.113,-30,0,0
98.3198,-30,0,0
133.392,-30,0,0
140.538,-30,0,0
38.9772,-30,0,0
162.185,-30,0,0
436.611,-30,0,0
59.9345,-30,0,0
229.45,-30,0,0
234.361,-30,0,0
153.777,-30,0,0
92.6683,-30,0,0
69.9752,-30,0,0
46.456,-30,0,0
83.8769,-30,0,0
95.4372,-30,0,0
158.721,-30,0,0
110.125,-30,0,0
60.5465,-30,0,0
147.169,-30,0,0
98.8725,-30,0,0
174.215,-30,0,0
117.253,-30,0,0
89.0708,-30,0,0
287.712,-30,0,0
548.174,-30,0,0
280.701,-30,0,0
350.446,-30,0,0
85.3489,-30,0,0
264.76,-30,0,0
380.427,-30,0,0
130.644,-30,0,0
164.905,-30,0,0
104.08,-30,0,0
104.169,-30,0,0
94.522,-30,0,0
93.8714,-30,0,0
261.604,-30,0,0
114.007,-30,0,0
17.8435,-30,0,0
154.899,-30,0,0
113.014,-30,0,0
93.5661,-30,0,0
134.957,-30,0,0
140.74,-30,0,0
288.056,-30,0,0
129.592,-30,0,0
32.8089,-30,0,0
399.457,-30,0,0
273.899,-30,0,0
282.941,-30,0,0
