EnergyDepositedInSi, SourceZ, SiAngleOffAxis, AbsorberThickness
66.4663,-20,0,0
24.2233,-20,0,0
302.764,-20,0,0
98.8049,-20,0,0
90.2658,-20,0,0
158.606,-20,0,0
431.149,-20,0,0
123.989,-20,0,0
237.372,-20,0,0
428.345,-20,0,0
514.464,-20,0,0
124.947,-20,0,0
103.43,-20,0,0
123.115,-20,0,0
336.512,-20,0,0
126.546,-20,0,0
113.602,-20,0,0
229.855,-20,0,0
87.5035,-20,0,0
152.022,-20,0,0
313.142,-20,0,0
470.138,-20,0,0
576.622,-20,0,0
231.43,-20,0,0
149.259,-20,0,0
239.89,-20,0,0
87.0538,-20,0,0
85.1241,-20,0,0
301.71,-20,0,0
199.459,-20,0,0
316.417,-20,0,0
342.653,-20,0,0
218.171,-20,0,0
57.4479,-20,0,0
86.5873,-20,0,0
149.841,-20,0,0
189.89,-20,0,0
79.9291,-20,0,0
125.92,-20,0,0
99.6941,-20,0,0
426.878,-20,0,0
210.456,-20,0,0
544.901,-20,0,0
449.272,-20,0,0
198.603,-20,0,0
108.465,-20,0,0
255.299,-20,0,0
120.014,-20,0,0
111.685,-20,0,0
228.976,-20,0,0
121.366,-20,0,0
397.953,-20,0,0
132.742,-20,0,0
122.611,-20,0,0
123.431,-20,0,0
333.527,-20,0,0
177.319,-20,0,0
235.485,-20,0,0
199.581,-20,0,0
267.627,-20,0,0
81.608,-20,0,0
128.593,-20,0,0
133.406,-20,0,0
90.2087,-20,0,0
171.264,-20,0,0
180.668,-20,0,0
265.666,-20,0,0
179.363,-20,0,0
139.248,-20,0,0
118.444,-20,0,0
118.414,-20,0,0
293.324,-20,0,0
314.998,-20,0,0
116.113,-20,0,0
117.62,-20,0,0
136.112,-20,0,0
141.484,-20,0,0
139.317,-20,0,0
171.027,-20,0,0
115.874,-20,0,0
171.487,-20,0,0
62.5507,-20,0,0
98.9579,-20,0,0
112.61,-20,0,0
194.772,-20,0,0
138.255,-20,0,0
122.834,-20,0,0
195.844,-20,0,0
210.109,-20,0,0
92.0886,-20,0,0
495.349,-20,0,0
66.0486,-20,0,0
272.112,-20,0,0
95.545,-20,0,0
136.797,-20,0,0
176.772,-20,0,0
158.757,-20,0,0
279.09,-20,0,0
586.166,-20,0,0
141.871,-20,0,0
86.1827,-20,0,0
234.912,-20,0,0
153.801,-20,0,0
108.177,-20,0,0
97.6068,-20,0,0
182.567,-20,0,0
129.61,-20,0,0
491.009,-20,0,0
284.225,-20,0,0
151.131,-20,0,0
116.588,-20,0,0
130.445,-20,0,0
148.049,-20,0,0
205.931,-20,0,0
574.483,-20,0,0
108.39,-20,0,0
229.63,-20,0,0
126.737,-20,0,0
86.6801,-20,0,0
157.752,-20,0,0
356.517,-20,0,0
304.849,-20,0,0
178.1,-20,0,0
115.111,-20,0,0
103.94,-20,0,0
93.676,-20,0,0
292.161,-20,0,0
86.7826,-20,0,0
105.292,-20,0,0
249.204,-20,0,0
250.19,-20,0,0
218.936,-20,0,0
235.823,-20,0,0
77.4427,-20,0,0
50.8539,-20,0,0
42.9438,-20,0,0
308.671,-20,0,0
292.688,-20,0,0
197.496,-20,0,0
214.386,-20,0,0
192.603,-20,0,0
145.5,-20,0,0
91.9963,-20,0,0
140.782,-20,0,0
163.623,-20,0,0
98.8884,-20,0,0
314.184,-20,0,0
108.015,-20,0,0
102.379,-20,0,0
234.034,-20,0,0
100.38,-20,0,0
150.522,-20,0,0
250.589,-20,0,0
147.491,-20,0,0
128.778,-20,0,0
380.982,-20,0,0
134.645,-20,0,0
299.323,-20,0,0
105.126,-20,0,0
95.5318,-20,0,0
16.8618,-20,0,0
109.709,-20,0,0
253.611,-20,0,0
357.354,-20,0,0
13.4661,-20,0,0
84.3174,-20,0,0
211.379,-20,0,0
178.591,-20,0,0
122.89,-20,0,0
197.27,-20,0,0
391.261,-20,0,0
76.5799,-20,0,0
41.8513,-20,0,0
97.6211,-20,0,0
142.248,-20,0,0
196.456,-20,0,0
301.944,-20,0,0
153.69,-20,0,0
109.023,-20,0,0
99.1434,-20,0,0
127.871,-20,0,0
131.734,-20,0,0
614.365,-20,0,0
22.204,-20,0,0
630.634,-20,0,0
122.993,-20,0,0
442.143,-20,0,0
334.928,-20,0,0
185.629,-20,0,0
88.389,-20,0,0
128.721,-20,0,0
79.5262,-20,0,0
109.56,-20,0,0
77.5961,-20,0,0
162.718,-20,0,0
138.492,-20,0,0
243.078,-20,0,0
314.189,-20,0,0
140.165,-20,0,0
104.754,-20,0,0
136.336,-20,0,0
243.63,-20,0,0
172.283,-20,0,0
235.725,-20,0,0
93.9943,-20,0,0
80.9776,-20,0,0
80.3752,-20,0,0
182.627,-20,0,0
402.262,-20,0,0
488.411,-20,0,0
1062.56,-20,0,0
138.894,-20,0,0
406.293,-20,0,0
97.0919,-20,0,0
433.232,-20,0,0
279.639,-20,0,0
121.676,-20,0,0
306.336,-20,0,0
106.213,-20,0,0
93.8151,-20,0,0
139.389,-20,0,0
173.806,-20,0,0
88.3005,-20,0,0
103.596,-20,0,0
251.966,-20,0,0
81.5922,-20,0,0
231.641,-20,0,0
103.126,-20,0,0
133.936,-20,0,0
164.377,-20,0,0
94.4666,-20,0,0
210.419,-20,0,0
178.982,-20,0,0
133.826,-20,0,0
89.7443,-20,0,0
236.244,-20,0,0
130.658,-20,0,0
103.702,-20,0,0
92.2197,-20,0,0
13.3078,-20,0,0
115.618,-20,0,0
247.656,-20,0,0
116.329,-20,0,0
143.797,-20,0,0
86.62,-20,0,0
118.328,-20,0,0
107.9,-20,0,0
90.4351,-20,0,0
153.553,-20,0,0
253.338,-20,0,0
242.65,-20,0,0
87.975,-20,0,0
14.1246,-20,0,0
107.99,-20,0,0
250.665,-20,0,0
80.2999,-20,0,0
111.89,-20,0,0
111.585,-20,0,0
199.522,-20,0,0
137.995,-20,0,0
29.7298,-20,0,0
111.137,-20,0,0
83.5088,-20,0,0
38.4471,-20,0,0
415.692,-20,0,0
183.854,-20,0,0
82.3384,-20,0,0
382.198,-20,0,0
278.614,-20,0,0
223.713,-20,0,0
124.002,-20,0,0
256.123,-20,0,0
201.989,-20,0,0
521.413,-20,0,0
164.133,-20,0,0
356.924,-20,0,0
129.646,-20,0,0
177.704,-20,0,0
77.268,-20,0,0
113.808,-20,0,0
472.67,-20,0,0
561.42,-20,0,0
269.788,-20,0,0
101.724,-20,0,0
171.705,-20,0,0
121.987,-20,0,0
476.051,-20,0,0
165.842,-20,0,0
127.55,-20,0,0
108.148,-20,0,0
108.387,-20,0,0
434.124,-20,0,0
201.566,-20,0,0
252.318,-20,0,0
209.716,-20,0,0
123.788,-20,0,0
126.622,-20,0,0
108.279,-20,0,0
75.9697,-20,0,0
117.062,-20,0,0
119.228,-20,0,0
102.229,-20,0,0
273.89,-20,0,0
527.318,-20,0,0
61.5862,-20,0,0
397.603,-20,0,0
179.55,-20,0,0
12.3423,-20,0,0
412.472,-20,0,0
220.841,-20,0,0
202.145,-20,0,0
130.78,-20,0,0
163.411,-20,0,0
315.912,-20,0,0
110.208,-20,0,0
108.776,-20,0,0
178.523,-20,0,0
182.457,-20,0,0
170.798,-20,0,0
598.54,-20,0,0
498.498,-20,0,0
1.88425,-20,0,0
87.4588,-20,0,0
79.2678,-20,0,0
104.258,-20,0,0
78.4024,-20,0,0
230.029,-20,0,0
87.0011,-20,0,0
188.359,-20,0,0
132.152,-20,0,0
138.507,-20,0,0
355.277,-20,0,0
425.342,-20,0,0
180.536,-20,0,0
110.601,-20,0,0
90.0051,-20,0,0
37.1894,-20,0,0
607.989,-20,0,0
176.028,-20,0,0
284.66,-20,0,0
112.372,-20,0,0
100.636,-20,0,0
571.213,-20,0,0
119.009,-20,0,0
212.456,-20,0,0
178.1,-20,0,0
277.91,-20,0,0
251.924,-20,0,0
116.2,-20,0,0
429.32,-20,0,0
102.122,-20,0,0
34.7578,-20,0,0
108.752,-20,0,0
126.07,-20,0,0
46.633,-20,0,0
195.508,-20,0,0
127.883,-20,0,0
79.621,-20,0,0
179.419,-20,0,0
437.955,-20,0,0
109.914,-20,0,0
135.179,-20,0,0
114.241,-20,0,0
160.485,-20,0,0
101.028,-20,0,0
134.214,-20,0,0
167.557,-20,0,0
152.592,-20,0,0
126.975,-20,0,0
313.806,-20,0,0
58.8498,-20,0,0
135.017,-20,0,0
233.183,-20,0,0
420.992,-20,0,0
498.935,-20,0,0
141.645,-20,0,0
108.667,-20,0,0
88.7747,-20,0,0
353.86,-20,0,0
99.1486,-20,0,0
217.637,-20,0,0
7.83705,-20,0,0
81.5912,-20,0,0
602.351,-20,0,0
310.124,-20,0,0
192.467,-20,0,0
164.173,-20,0,0
178.647,-20,0,0
217.534,-20,0,0
94.0624,-20,0,0
103.387,-20,0,0
223.784,-20,0,0
147.818,-20,0,0
283.205,-20,0,0
184.059,-20,0,0
84.3059,-20,0,0
147.75,-20,0,0
113.669,-20,0,0
137.336,-20,0,0
211.072,-20,0,0
151.678,-20,0,0
104.676,-20,0,0
245.034,-20,0,0
359.281,-20,0,0
99.473,-20,0,0
513.741,-20,0,0
379.9,-20,0,0
57.9662,-20,0,0
142.565,-20,0,0
287.737,-20,0,0
205.043,-20,0,0
270.49,-20,0,0
173.742,-20,0,0
91.4095,-20,0,0
198.944,-20,0,0
154.701,-20,0,0
179.457,-20,0,0
451.036,-20,0,0
236.68,-20,0,0
121.731,-20,0,0
221.605,-20,0,0
91.485,-20,0,0
104.09,-20,0,0
178.507,-20,0,0
241.044,-20,0,0
197.774,-20,0,0
155.302,-20,0,0
7.36088,-20,0,0
100.822,-20,0,0
68.208,-20,0,0
487.588,-20,0,0
15.7867,-20,0,0
25.816,-20,0,0
119.833,-20,0,0
168.986,-20,0,0
257.755,-20,0,0
192.334,-20,0,0
84.5926,-20,0,0
215.125,-20,0,0
122.479,-20,0,0
133.662,-20,0,0
158.688,-20,0,0
163.157,-20,0,0
109.51,-20,0,0
493.024,-20,0,0
138.517,-20,0,0
130.749,-20,0,0
406.567,-20,0,0
79.4258,-20,0,0
94.8869,-20,0,0
137.85,-20,0,0
358.278,-20,0,0
1130.45,-20,0,0
90.2203,-20,0,0
287.532,-20,0,0
123.263,-20,0,0
290.927,-20,0,0
75.8412,-20,0,0
131.948,-20,0,0
491.728,-20,0,0
388.11,-20,0,0
549.231,-20,0,0
123.049,-20,0,0
104.666,-20,0,0
251.783,-20,0,0
60.9685,-20,0,0
119.31,-20,0,0
235.322,-20,0,0
242.109,-20,0,0
98.4352,-20,0,0
56.9538,-20,0,0
131.587,-20,0,0
105.879,-20,0,0
130.913,-20,0,0
117.545,-20,0,0
537.393,-20,0,0
123.347,-20,0,0
197.509,-20,0,0
156.085,-20,0,0
66.9201,-20,0,0
104.565,-20,0,0
378.064,-20,0,0
320.075,-20,0,0
98.0242,-20,0,0
119.443,-20,0,0
120.275,-20,0,0
91.0377,-20,0,0
48.9262,-20,0,0
140.37,-20,0,0
77.7582,-20,0,0
119.827,-20,0,0
159.88,-20,0,0
340.882,-20,0,0
170.721,-20,0,0
115.538,-20,0,0
149.934,-20,0,0
317.517,-20,0,0
199.256,-20,0,0
94.2581,-20,0,0
79.9676,-20,0,0
98.3128,-20,0,0
29.1066,-20,0,0
99.8346,-20,0,0
118.114,-20,0,0
55.5101,-20,0,0
168.773,-20,0,0
125.01,-20,0,0
136.366,-20,0,0
175.079,-20,0,0
56.2065,-20,0,0
218.001,-20,0,0
228.834,-20,0,0
257.204,-20,0,0
89.9632,-20,0,0
80.599,-20,0,0
100.69,-20,0,0
288.58,-20,0,0
65.9071,-20,0,0
119.714,-20,0,0
367.098,-20,0,0
143.512,-20,0,0
90.3985,-20,0,0
116.818,-20,0,0
188.918,-20,0,0
409.001,-20,0,0
264.273,-20,0,0
12.4767,-20,0,0
449.138,-20,0,0
535.044,-20,0,0
363.858,-20,0,0
654.112,-20,0,0
7.43264,-20,0,0
448.077,-20,0,0
246.335,-20,0,0
82.1181,-20,0,0
176.751,-20,0,0
268.671,-20,0,0
158.2,-20,0,0
92.4189,-20,0,0
327.631,-20,0,0
80.4391,-20,0,0
222.554,-20,0,0
152.112,-20,0,0
89.1758,-20,0,0
120.539,-20,0,0
204.52,-20,0,0
76.3572,-20,0,0
285.715,-20,0,0
7.24236,-20,0,0
145.823,-20,0,0
111.71,-20,0,0
184.909,-20,0,0
179.655,-20,0,0
405.933,-20,0,0
76.4971,-20,0,0
46.3571,-20,0,0
113.206,-20,0,0
192.377,-20,0,0
281.943,-20,0,0
136.976,-20,0,0
226.29,-20,0,0
299.089,-20,0,0
86.988,-20,0,0
394.96,-20,0,0
183.66,-20,0,0
79.5863,-20,0,0
213.204,-20,0,0
121.889,-20,0,0
129.416,-20,0,0
73.595,-20,0,0
126.706,-20,0,0
109.345,-20,0,0
205.739,-20,0,0
18.898,-20,0,0
182.475,-20,0,0
166.323,-20,0,0
53.9187,-20,0,0
84.8209,-20,0,0
240.387,-20,0,0
262.329,-20,0,0
88.0552,-20,0,0
22.4057,-20,0,0
27.2768,-20,0,0
112.223,-20,0,0
242.098,-20,0,0
99.9693,-20,0,0
187.789,-20,0,0
108.671,-20,0,0
355.109,-20,0,0
84.8843,-20,0,0
80.8311,-20,0,0
3.5633,-20,0,0
228.8,-20,0,0
191.734,-20,0,0
100.483,-20,0,0
100.648,-20,0,0
135.112,-20,0,0
2.62272,-20,0,0
164.34,-20,0,0
480.138,-20,0,0
193.79,-20,0,0
168.206,-20,0,0
106.454,-20,0,0
129.942,-20,0,0
120.699,-20,0,0
321.808,-20,0,0
138.256,-20,0,0
100.885,-20,0,0
28.6759,-20,0,0
88.0751,-20,0,0
92.0323,-20,0,0
97.4977,-20,0,0
260.279,-20,0,0
25.7403,-20,0,0
97.045,-20,0,0
129.825,-20,0,0
127.46,-20,0,0
149.225,-20,0,0
156.002,-20,0,0
462.42,-20,0,0
120.449,-20,0,0
263.453,-20,0,0
74.5987,-20,0,0
2.67761,-20,0,0
111.585,-20,0,0
200.94,-20,0,0
135.007,-20,0,0
102.47,-20,0,0
128.699,-20,0,0
143.893,-20,0,0
110.248,-20,0,0
353.479,-20,0,0
93.6584,-20,0,0
321.874,-20,0,0
95.9921,-20,0,0
124.055,-20,0,0
529.024,-20,0,0
85.4788,-20,0,0
289.085,-20,0,0
218.536,-20,0,0
251.584,-20,0,0
111.475,-20,0,0
97.3338,-20,0,0
123.471,-20,0,0
74.9846,-20,0,0
99.4613,-20,0,0
161.325,-20,0,0
176.009,-20,0,0
85.8691,-20,0,0
109.179,-20,0,0
162.36,-20,0,0
505.28,-20,0,0
107.438,-20,0,0
90.4397,-20,0,0
149.019,-20,0,0
123.561,-20,0,0
94.6729,-20,0,0
91.0149,-20,0,0
325.235,-20,0,0
212.316,-20,0,0
89.0285,-20,0,0
83.1203,-20,0,0
203.705,-20,0,0
98.1453,-20,0,0
331.218,-20,0,0
116.813,-20,0,0
116.898,-20,0,0
259.617,-20,0,0
424.052,-20,0,0
133.046,-20,0,0
147.149,-20,0,0
97.8862,-20,0,0
283.126,-20,0,0
406.766,-20,0,0
113.462,-20,0,0
4.08788,-20,0,0
359.539,-20,0,0
188.88,-20,0,0
27.5099,-20,0,0
189.467,-20,0,0
94.7548,-20,0,0
135.659,-20,0,0
12.5283,-20,0,0
449.247,-20,0,0
116.059,-20,0,0
143.639,-20,0,0
127.08,-20,0,0
160.111,-20,0,0
293.097,-20,0,0
136.29,-20,0,0
226.506,-20,0,0
129.596,-20,0,0
367.128,-20,0,0
112.417,-20,0,0
145.695,-20,0,0
95.4004,-20,0,0
222.306,-20,0,0
486.421,-20,0,0
219.148,-20,0,0
72.2784,-20,0,0
67.1707,-20,0,0
314.222,-20,0,0
313.04,-20,0,0
135.713,-20,0,0
163.95,-20,0,0
270.615,-20,0,0
84.5824,-20,0,0
222.017,-20,0,0
71.9407,-20,0,0
125.109,-20,0,0
129.561,-20,0,0
96.315,-20,0,0
88.8597,-20,0,0
298.621,-20,0,0
133.115,-20,0,0
515.195,-20,0,0
86.5318,-20,0,0
142.533,-20,0,0
276.874,-20,0,0
196.484,-20,0,0
113.37,-20,0,0
175.077,-20,0,0
77.1417,-20,0,0
54.3147,-20,0,0
319.727,-20,0,0
241.91,-20,0,0
138.621,-20,0,0
100.878,-20,0,0
326.352,-20,0,0
220.472,-20,0,0
124.783,-20,0,0
75.8103,-20,0,0
150.681,-20,0,0
113.734,-20,0,0
57.2005,-20,0,0
224.386,-20,0,0
213.381,-20,0,0
99.2736,-20,0,0
97.5158,-20,0,0
94.9838,-20,0,0
61.6864,-20,0,0
89.9662,-20,0,0
123.505,-20,0,0
207.186,-20,0,0
503.392,-20,0,0
106.48,-20,0,0
198.591,-20,0,0
77.8927,-20,0,0
271.642,-20,0,0
45.3985,-20,0,0
106.106,-20,0,0
107.285,-20,0,0
117.977,-20,0,0
115.05,-20,0,0
32.6657,-20,0,0
29.205,-20,0,0
112.535,-20,0,0
93.6061,-20,0,0
110.425,-20,0,0
32.5666,-20,0,0
81.575,-20,0,0
57.0575,-20,0,0
181.505,-20,0,0
382.769,-20,0,0
355.998,-20,0,0
154.022,-20,0,0
218.026,-20,0,0
85.1716,-20,0,0
285.48,-20,0,0
274.894,-20,0,0
75.1417,-20,0,0
91.0121,-20,0,0
126.533,-20,0,0
105.028,-20,0,0
234.784,-20,0,0
98.2327,-20,0,0
113.147,-20,0,0
394.033,-20,0,0
544.84,-20,0,0
122.936,-20,0,0
121.71,-20,0,0
108.651,-20,0,0
91.7805,-20,0,0
177.578,-20,0,0
101.764,-20,0,0
95.7883,-20,0,0
98.7406,-20,0,0
299.772,-20,0,0
107.274,-20,0,0
125.901,-20,0,0
887.529,-20,0,0
113.003,-20,0,0
103.749,-20,0,0
115.669,-20,0,0
127.848,-20,0,0
94.4054,-20,0,0
327.26,-20,0,0
142.058,-20,0,0
265.163,-20,0,0
85.557,-20,0,0
103.574,-20,0,0
100.419,-20,0,0
452.846,-20,0,0
73.6051,-20,0,0
101.233,-20,0,0
99.1089,-20,0,0
296.435,-20,0,0
351.709,-20,0,0
243.778,-20,0,0
144.687,-20,0,0
165.581,-20,0,0
115.99,-20,0,0
98.6762,-20,0,0
12.1213,-20,0,0
868.616,-20,0,0
249.016,-20,0,0
87.0611,-20,0,0
116.43,-20,0,0
124.851,-20,0,0
158.448,-20,0,0
141.831,-20,0,0
101.961,-20,0,0
98.62,-20,0,0
109.27,-20,0,0
102.272,-20,0,0
179.569,-20,0,0
119.911,-20,0,0
187.921,-20,0,0
95.1011,-20,0,0
109.386,-20,0,0
212.698,-20,0,0
86.5783,-20,0,0
162.015,-20,0,0
118.187,-20,0,0
331.999,-20,0,0
93.354,-20,0,0
258.968,-20,0,0
118.329,-20,0,0
130.337,-20,0,0
70.5754,-20,0,0
70.9448,-20,0,0
382.013,-20,0,0
105.41,-20,0,0
114.18,-20,0,0
136.661,-20,0,0
57.2981,-20,0,0
136.279,-20,0,0
87.0265,-20,0,0
198.438,-20,0,0
228.899,-20,0,0
81.2608,-20,0,0
182.581,-20,0,0
160.366,-20,0,0
43.2361,-20,0,0
27.7613,-20,0,0
475.405,-20,0,0
383.862,-20,0,0
691.708,-20,0,0
372.856,-20,0,0
313.736,-20,0,0
164.571,-20,0,0
90.6908,-20,0,0
445.573,-20,0,0
4.00886,-20,0,0
124.834,-20,0,0
102.016,-20,0,0
270.941,-20,0,0
97.2064,-20,0,0
106.302,-20,0,0
106.781,-20,0,0
161.429,-20,0,0
196.344,-20,0,0
104.503,-20,0,0
347.444,-20,0,0
117.234,-20,0,0
18.9961,-20,0,0
412.249,-20,0,0
28.8024,-20,0,0
89.4754,-20,0,0
56.0892,-20,0,0
134.889,-20,0,0
126.061,-20,0,0
219.124,-20,0,0
246.928,-20,0,0
326.913,-20,0,0
152.379,-20,0,0
24.5858,-20,0,0
122.642,-20,0,0
464.404,-20,0,0
191.938,-20,0,0
104.995,-20,0,0
476.139,-20,0,0
84.0793,-20,0,0
67.0645,-20,0,0
113.5,-20,0,0
156.814,-20,0,0
50.5656,-20,0,0
134.259,-20,0,0
109.414,-20,0,0
321.336,-20,0,0
83.4431,-20,0,0
153.616,-20,0,0
93.3348,-20,0,0
205.192,-20,0,0
242.737,-20,0,0
164.029,-20,0,0
191.576,-20,0,0
154.468,-20,0,0
216.386,-20,0,0
107.932,-20,0,0
159.855,-20,0,0
21.0045,-20,0,0
245.114,-20,0,0
115.174,-20,0,0
164.432,-20,0,0
104.076,-20,0,0
130.152,-20,0,0
119.479,-20,0,0
79.4604,-20,0,0
330.293,-20,0,0
212.453,-20,0,0
111.102,-20,0,0
120.095,-20,0,0
125.711,-20,0,0
202.056,-20,0,0
99.5527,-20,0,0
39.1969,-20,0,0
0.904681,-20,0,0
318.585,-20,0,0
224.271,-20,0,0
666.257,-20,0,0
412.412,-20,0,0
116.462,-20,0,0
148.946,-20,0,0
104.686,-20,0,0
298.979,-20,0,0
75.3819,-20,0,0
689.431,-20,0,0
441.946,-20,0,0
121.259,-20,0,0
161.188,-20,0,0
288.827,-20,0,0
330.038,-20,0,0
165.284,-20,0,0
159.985,-20,0,0
268.272,-20,0,0
131.015,-20,0,0
222.859,-20,0,0
107.654,-20,0,0
175.891,-20,0,0
95.2316,-20,0,0
298.165,-20,0,0
146.135,-20,0,0
61.7057,-20,0,0
237.808,-20,0,0
97.9784,-20,0,0
66.8183,-20,0,0
289.365,-20,0,0
118.213,-20,0,0
165.13,-20,0,0
175.332,-20,0,0
100.77,-20,0,0
244.872,-20,0,0
161.849,-20,0,0
124.101,-20,0,0
439.463,-20,0,0
121.687,-20,0,0
923.573,-20,0,0
76.6455,-20,0,0
203.691,-20,0,0
149.591,-20,0,0
210.202,-20,0,0
78.4687,-20,0,0
64.552,-20,0,0
97.5917,-20,0,0
127.454,-20,0,0
147.681,-20,0,0
193.37,-20,0,0
120.541,-20,0,0
138.629,-20,0,0
214.743,-20,0,0
350.146,-20,0,0
352.393,-20,0,0
83.9695,-20,0,0
195.83,-20,0,0
505.773,-20,0,0
238.357,-20,0,0
296.592,-20,0,0
251.758,-20,0,0
121.378,-20,0,0
90.8743,-20,0,0
105.855,-20,0,0
195.581,-20,0,0
94.0105,-20,0,0
45.7832,-20,0,0
65.209,-20,0,0
97.6848,-20,0,0
123.09,-20,0,0
126.249,-20,0,0
1144.36,-20,0,0
209.407,-20,0,0
457.093,-20,0,0
135.827,-20,0,0
125.948,-20,0,0
310.447,-20,0,0
375.366,-20,0,0
169.601,-20,0,0
222.32,-20,0,0
270.233,-20,0,0
461.213,-20,0,0
121.115,-20,0,0
114.113,-20,0,0
152.219,-20,0,0
370.53,-20,0,0
300.791,-20,0,0
12.464,-20,0,0
115.249,-20,0,0
170.907,-20,0,0
117.543,-20,0,0
210.283,-20,0,0
85.7738,-20,0,0
367.098,-20,0,0
165.513,-20,0,0
415.949,-20,0,0
7.7333,-20,0,0
109.624,-20,0,0
85.4381,-20,0,0
288.391,-20,0,0
68.9796,-20,0,0
194.602,-20,0,0
162.251,-20,0,0
537.472,-20,0,0
228.846,-20,0,0
88.9112,-20,0,0
136.06,-20,0,0
448.645,-20,0,0
120.857,-20,0,0
137.878,-20,0,0
87.6949,-20,0,0
126.488,-20,0,0
416.744,-20,0,0
112.325,-20,0,0
173.565,-20,0,0
184.394,-20,0,0
358.678,-20,0,0
104.907,-20,0,0
131.953,-20,0,0
139.086,-20,0,0
82.6412,-20,0,0
117.66,-20,0,0
208.834,-20,0,0
90.6896,-20,0,0
77.4563,-20,0,0
93.4658,-20,0,0
167.898,-20,0,0
325.351,-20,0,0
155.608,-20,0,0
90.6394,-20,0,0
336.553,-20,0,0
119.187,-20,0,0
129.576,-20,0,0
202.533,-20,0,0
9.80284,-20,0,0
355.333,-20,0,0
300.545,-20,0,0
243.195,-20,0,0
82.3815,-20,0,0
91.9948,-20,0,0
226.111,-20,0,0
152.628,-20,0,0
112.075,-20,0,0
108.199,-20,0,0
382.12,-20,0,0
239.569,-20,0,0
308.744,-20,0,0
186.006,-20,0,0
458.75,-20,0,0
427.125,-20,0,0
137.673,-20,0,0
132.552,-20,0,0
95.3022,-20,0,0
252.57,-20,0,0
255.131,-20,0,0
102.431,-20,0,0
125.89,-20,0,0
458.598,-20,0,0
162.495,-20,0,0
56.9084,-20,0,0
94.2375,-20,0,0
110.256,-20,0,0
259.432,-20,0,0
275.863,-20,0,0
173.069,-20,0,0
328.885,-20,0,0
179.575,-20,0,0
138.127,-20,0,0
283.172,-20,0,0
245.041,-20,0,0
253.471,-20,0,0
358.343,-20,0,0
771.845,-20,0,0
119.157,-20,0,0
224.925,-20,0,0
94.8563,-20,0,0
110.778,-20,0,0
126.86,-20,0,0
86.7373,-20,0,0
118.164,-20,0,0
128.202,-20,0,0
204.605,-20,0,0
85.0338,-20,0,0
121.049,-20,0,0
279.741,-20,0,0
136.358,-20,0,0
97.6145,-20,0,0
122.42,-20,0,0
377.444,-20,0,0
126.873,-20,0,0
84.4278,-20,0,0
102.586,-20,0,0
232.229,-20,0,0
325.258,-20,0,0
111.83,-20,0,0
34.5528,-20,0,0
366.636,-20,0,0
203.145,-20,0,0
153.881,-20,0,0
102.239,-20,0,0
630.834,-20,0,0
86.951,-20,0,0
165.965,-20,0,0
141.7,-20,0,0
8.67351,-20,0,0
590.866,-20,0,0
241.561,-20,0,0
364.736,-20,0,0
125.577,-20,0,0
320.713,-20,0,0
238.234,-20,0,0
572.704,-20,0,0
101.162,-20,0,0
274.874,-20,0,0
440.358,-20,0,0
87.8213,-20,0,0
385.445,-20,0,0
118.475,-20,0,0
87.9323,-20,0,0
131.037,-20,0,0
98.3889,-20,0,0
220.541,-20,0,0
318.22,-20,0,0
110.829,-20,0,0
196.41,-20,0,0
77.3159,-20,0,0
504.645,-20,0,0
135.299,-20,0,0
126.038,-20,0,0
398.862,-20,0,0
131.739,-20,0,0
351.526,-20,0,0
78.9755,-20,0,0
142.732,-20,0,0
284.34,-20,0,0
149.999,-20,0,0
218.881,-20,0,0
460.717,-20,0,0
164.513,-20,0,0
431.291,-20,0,0
75.9361,-20,0,0
122.183,-20,0,0
180.859,-20,0,0
761.033,-20,0,0
97.0316,-20,0,0
188.414,-20,0,0
92.9921,-20,0,0
78.5899,-20,0,0
117.143,-20,0,0
406.332,-20,0,0
19.2452,-20,0,0
127.809,-20,0,0
295.551,-20,0,0
90.1425,-20,0,0
70.4685,-20,0,0
166.219,-20,0,0
468.04,-20,0,0
256.471,-20,0,0
76.1377,-20,0,0
204.295,-20,0,0
222.845,-20,0,0
195.938,-20,0,0
187.03,-20,0,0
163.747,-20,0,0
242.373,-20,0,0
224.691,-20,0,0
192.951,-20,0,0
111.709,-20,0,0
71.2325,-20,0,0
107.062,-20,0,0
65.3957,-20,0,0
125.906,-20,0,0
122.004,-20,0,0
108.1,-20,0,0
337.147,-20,0,0
170.174,-20,0,0
692.344,-20,0,0
135.067,-20,0,0
76.3626,-20,0,0
259.256,-20,0,0
161.808,-20,0,0
98.1052,-20,0,0
107.563,-20,0,0
152.466,-20,0,0
75.4075,-20,0,0
49.649,-20,0,0
127.754,-20,0,0
517.358,-20,0,0
114.645,-20,0,0
261.745,-20,0,0
141.111,-20,0,0
168.508,-20,0,0
110.259,-20,0,0
120.376,-20,0,0
93.409,-20,0,0
140.375,-20,0,0
98.8634,-20,0,0
122.552,-20,0,0
192.145,-20,0,0
282.243,-20,0,0
477.831,-20,0,0
144.389,-20,0,0
52.7012,-20,0,0
137.812,-20,0,0
151.084,-20,0,0
79.3968,-20,0,0
96.506,-20,0,0
237.056,-20,0,0
98.5194,-20,0,0
148.571,-20,0,0
78.2908,-20,0,0
93.5847,-20,0,0
84.072,-20,0,0
301.031,-20,0,0
115.158,-20,0,0
102.842,-20,0,0
360.881,-20,0,0
141.716,-20,0,0
221.716,-20,0,0
234.998,-20,0,0
114.746,-20,0,0
161.279,-20,0,0
99.4788,-20,0,0
117.5,-20,0,0
528.412,-20,0,0
443.511,-20,0,0
423.834,-20,0,0
471.001,-20,0,0
378.851,-20,0,0
272.635,-20,0,0
236.343,-20,0,0
65.7574,-20,0,0
128.652,-20,0,0
327.325,-20,0,0
238.656,-20,0,0
92.7252,-20,0,0
86.4558,-20,0,0
254.567,-20,0,0
105.713,-20,0,0
320.754,-20,0,0
106.286,-20,0,0
79.808,-20,0,0
163.621,-20,0,0
150.647,-20,0,0
134.077,-20,0,0
125.118,-20,0,0
111.204,-20,0,0
100.673,-20,0,0
77.5136,-20,0,0
134.54,-20,0,0
121.909,-20,0,0
166.947,-20,0,0
521.411,-20,0,0
104.368,-20,0,0
102.175,-20,0,0
109.444,-20,0,0
143.048,-20,0,0
285.38,-20,0,0
105.331,-20,0,0
97.9137,-20,0,0
73.1284,-20,0,0
88.4326,-20,0,0
120.898,-20,0,0
116.666,-20,0,0
89.2325,-20,0,0
89.5593,-20,0,0
1010.91,-20,0,0
515.281,-20,0,0
293.04,-20,0,0
176.122,-20,0,0
105.862,-20,0,0
164.987,-20,0,0
107.215,-20,0,0
121.198,-20,0,0
603.143,-20,0,0
201.372,-20,0,0
80.1988,-20,0,0
83.7723,-20,0,0
84.5357,-20,0,0
333.175,-20,0,0
234.522,-20,0,0
317.64,-20,0,0
333.038,-20,0,0
83.0454,-20,0,0
109.317,-20,0,0
280.971,-20,0,0
142.398,-20,0,0
125.779,-20,0,0
234.344,-20,0,0
117.391,-20,0,0
410.928,-20,0,0
27.1527,-20,0,0
304.206,-20,0,0
96.7868,-20,0,0
330.157,-20,0,0
126.375,-20,0,0
96.3338,-20,0,0
87.2305,-20,0,0
111.845,-20,0,0
79.3129,-20,0,0
675.041,-20,0,0
95.0315,-20,0,0
130.917,-20,0,0
408.988,-20,0,0
112.628,-20,0,0
33.2766,-20,0,0
37.3199,-20,0,0
148.65,-20,0,0
322.083,-20,0,0
108.537,-20,0,0
106.723,-20,0,0
127.021,-20,0,0
92.6985,-20,0,0
96.7301,-20,0,0
377.12,-20,0,0
181.786,-20,0,0
116.997,-20,0,0
199.427,-20,0,0
399.256,-20,0,0
107.328,-20,0,0
274.423,-20,0,0
279.488,-20,0,0
104.981,-20,0,0
448.919,-20,0,0
105.456,-20,0,0
158.335,-20,0,0
812.611,-20,0,0
118.144,-20,0,0
304.21,-20,0,0
82.7144,-20,0,0
202.707,-20,0,0
127.178,-20,0,0
163.518,-20,0,0
104.489,-20,0,0
151.871,-20,0,0
105.56,-20,0,0
328.479,-20,0,0
51.1426,-20,0,0
104.668,-20,0,0
125.872,-20,0,0
330.381,-20,0,0
110.628,-20,0,0
170.14,-20,0,0
163.482,-20,0,0
534.518,-20,0,0
87.3172,-20,0,0
310.367,-20,0,0
77.2203,-20,0,0
174.879,-20,0,0
494.749,-20,0,0
93.5063,-20,0,0
100.421,-20,0,0
117.421,-20,0,0
786.556,-20,0,0
124.077,-20,0,0
81.48,-20,0,0
125.349,-20,0,0
183.851,-20,0,0
146.672,-20,0,0
110.346,-20,0,0
221.97,-20,0,0
105.847,-20,0,0
284.19,-20,0,0
440.313,-20,0,0
92.9184,-20,0,0
341.282,-20,0,0
118.662,-20,0,0
729.944,-20,0,0
109.267,-20,0,0
202.492,-20,0,0
479.736,-20,0,0
175.69,-20,0,0
424.273,-20,0,0
76.8861,-20,0,0
152.248,-20,0,0
149.574,-20,0,0
414.268,-20,0,0
217.55,-20,0,0
89.6907,-20,0,0
613.298,-20,0,0
668.09,-20,0,0
319.261,-20,0,0
178.45,-20,0,0
118.173,-20,0,0
99.639,-20,0,0
129.328,-20,0,0
156.925,-20,0,0
146.564,-20,0,0
285.719,-20,0,0
227.233,-20,0,0
214.81,-20,0,0
105.527,-20,0,0
90.8638,-20,0,0
446.418,-20,0,0
117.352,-20,0,0
167.384,-20,0,0
255.319,-20,0,0
108.173,-20,0,0
74.1729,-20,0,0
100.735,-20,0,0
305.772,-20,0,0
139.587,-20,0,0
417.893,-20,0,0
71.5296,-20,0,0
341.884,-20,0,0
24.4572,-20,0,0
50.2452,-20,0,0
377.584,-20,0,0
158.041,-20,0,0
97.9418,-20,0,0
86.9405,-20,0,0
87.1842,-20,0,0
115.942,-20,0,0
80.2909,-20,0,0
313.628,-20,0,0
255.701,-20,0,0
98.9121,-20,0,0
83.0048,-20,0,0
90.582,-20,0,0
97.6801,-20,0,0
116.298,-20,0,0
221.814,-20,0,0
148.658,-20,0,0
389.157,-20,0,0
160.496,-20,0,0
103.187,-20,0,0
7.39616,-20,0,0
80.0166,-20,0,0
167.282,-20,0,0
369.76,-20,0,0
356.553,-20,0,0
125.657,-20,0,0
164.906,-20,0,0
122.597,-20,0,0
611.368,-20,0,0
271.988,-20,0,0
10.8564,-20,0,0
262.21,-20,0,0
80.3558,-20,0,0
175.171,-20,0,0
97.7967,-20,0,0
227.017,-20,0,0
96.5835,-20,0,0
178.715,-20,0,0
177.287,-20,0,0
156.403,-20,0,0
123.232,-20,0,0
213.024,-20,0,0
175.049,-20,0,0
168.026,-20,0,0
167.457,-20,0,0
145.966,-20,0,0
89.9125,-20,0,0
210.288,-20,0,0
23.1327,-20,0,0
171.817,-20,0,0
240.584,-20,0,0
441.123,-20,0,0
186.67,-20,0,0
165.636,-20,0,0
118.873,-20,0,0
118.11,-20,0,0
102.35,-20,0,0
242.371,-20,0,0
282.03,-20,0,0
342.876,-20,0,0
134.447,-20,0,0
94.589,-20,0,0
110.634,-20,0,0
503.33,-20,0,0
105.104,-20,0,0
80.3162,-20,0,0
107.306,-20,0,0
261.971,-20,0,0
315.458,-20,0,0
237.691,-20,0,0
173.954,-20,0,0
140.929,-20,0,0
364.008,-20,0,0
137.743,-20,0,0
455.63,-20,0,0
237.959,-20,0,0
81.7457,-20,0,0
12.5446,-20,0,0
137.403,-20,0,0
110.464,-20,0,0
230.207,-20,0,0
88.6412,-20,0,0
116.97,-20,0,0
208.484,-20,0,0
132.377,-20,0,0
221.932,-20,0,0
185.08,-20,0,0
202.549,-20,0,0
125.358,-20,0,0
132.55,-20,0,0
270.003,-20,0,0
279.712,-20,0,0
170.678,-20,0,0
79.5524,-20,0,0
204.914,-20,0,0
157.721,-20,0,0
125.398,-20,0,0
283.993,-20,0,0
564.106,-20,0,0
143.212,-20,0,0
95.9674,-20,0,0
184.654,-20,0,0
500.868,-20,0,0
167.953,-20,0,0
145.425,-20,0,0
142.314,-20,0,0
403.714,-20,0,0
186.881,-20,0,0
126.091,-20,0,0
464.163,-20,0,0
267.246,-20,0,0
191.483,-20,0,0
106.741,-20,0,0
31.545,-20,0,0
102.278,-20,0,0
199.046,-20,0,0
626.314,-20,0,0
101.723,-20,0,0
109.66,-20,0,0
333.074,-20,0,0
91.3482,-20,0,0
130.838,-20,0,0
277.161,-20,0,0
105.177,-20,0,0
191.03,-20,0,0
338.831,-20,0,0
87.0091,-20,0,0
724.44,-20,0,0
429.82,-20,0,0
318.217,-20,0,0
79.3415,-20,0,0
109.782,-20,0,0
279.079,-20,0,0
266.112,-20,0,0
173.545,-20,0,0
4.84085,-20,0,0
342.41,-20,0,0
190.057,-20,0,0
110.299,-20,0,0
137.634,-20,0,0
109.075,-20,0,0
89.0296,-20,0,0
19.9096,-20,0,0
150.744,-20,0,0
137.941,-20,0,0
458.061,-20,0,0
86.1888,-20,0,0
194.129,-20,0,0
248.068,-20,0,0
541.175,-20,0,0
48.1343,-20,0,0
161.086,-20,0,0
100.952,-20,0,0
132.135,-20,0,0
87.1368,-20,0,0
159.886,-20,0,0
437.974,-20,0,0
137.873,-20,0,0
218.265,-20,0,0
120.539,-20,0,0
134.377,-20,0,0
114.833,-20,0,0
92.4191,-20,0,0
120.301,-20,0,0
160.38,-20,0,0
318.031,-20,0,0
96.5184,-20,0,0
97.5657,-20,0,0
220.625,-20,0,0
8.57768,-20,0,0
218.277,-20,0,0
90.1016,-20,0,0
233.297,-20,0,0
186.844,-20,0,0
291.189,-20,0,0
286.852,-20,0,0
153.762,-20,0,0
203.975,-20,0,0
115.535,-20,0,0
64.4082,-20,0,0
114.888,-20,0,0
209.989,-20,0,0
440.262,-20,0,0
454.317,-20,0,0
251.556,-20,0,0
357.034,-20,0,0
106.379,-20,0,0
178.235,-20,0,0
462.292,-20,0,0
98.8489,-20,0,0
130.14,-20,0,0
159.017,-20,0,0
108.508,-20,0,0
83.8994,-20,0,0
184.241,-20,0,0
327.512,-20,0,0
133.248,-20,0,0
519.462,-20,0,0
184.698,-20,0,0
402.45,-20,0,0
167.19,-20,0,0
176.046,-20,0,0
86.2095,-20,0,0
112.947,-20,0,0
385.486,-20,0,0
22.8131,-20,0,0
267.252,-20,0,0
246.475,-20,0,0
140.036,-20,0,0
150.366,-20,0,0
100.159,-20,0,0
422.949,-20,0,0
99.4923,-20,0,0
151.457,-20,0,0
140.799,-20,0,0
113.601,-20,0,0
81.851,-20,0,0
65.1932,-20,0,0
243.65,-20,0,0
174.573,-20,0,0
403.953,-20,0,0
113.324,-20,0,0
193.66,-20,0,0
175.788,-20,0,0
201.313,-20,0,0
280.187,-20,0,0
105.248,-20,0,0
396.927,-20,0,0
145.828,-20,0,0
129.459,-20,0,0
467.2,-20,0,0
57.9953,-20,0,0
168.772,-20,0,0
73.6005,-20,0,0
98.7173,-20,0,0
163.672,-20,0,0
214.01,-20,0,0
207.09,-20,0,0
101.492,-20,0,0
104.392,-20,0,0
149.787,-20,0,0
584.052,-20,0,0
87.5158,-20,0,0
391.898,-20,0,0
107.33,-20,0,0
263.631,-20,0,0
424.103,-20,0,0
144.235,-20,0,0
171.116,-20,0,0
156.412,-20,0,0
337.811,-20,0,0
7.29177,-20,0,0
154.424,-20,0,0
97.9335,-20,0,0
56.0841,-20,0,0
105.165,-20,0,0
13.9114,-20,0,0
201.742,-20,0,0
696.043,-20,0,0
398.447,-20,0,0
84.9261,-20,0,0
82.1546,-20,0,0
198.873,-20,0,0
81.4537,-20,0,0
17.2317,-20,0,0
87.7896,-20,0,0
92.4682,-20,0,0
155.843,-20,0,0
337.846,-20,0,0
86.6392,-20,0,0
155.057,-20,0,0
113.332,-20,0,0
82.2117,-20,0,0
81.8674,-20,0,0
77.1913,-20,0,0
186.393,-20,0,0
172.922,-20,0,0
476.671,-20,0,0
102.354,-20,0,0
178.722,-20,0,0
76.1047,-20,0,0
58.684,-20,0,0
120.445,-20,0,0
68.7336,-20,0,0
184.01,-20,0,0
112.699,-20,0,0
523.939,-20,0,0
109.152,-20,0,0
116.332,-20,0,0
354.575,-20,0,0
103.333,-20,0,0
104.007,-20,0,0
100.316,-20,0,0
195.582,-20,0,0
296.744,-20,0,0
71.7972,-20,0,0
78.3971,-20,0,0
102.535,-20,0,0
406.611,-20,0,0
90.7732,-20,0,0
137.339,-20,0,0
147.983,-20,0,0
167.51,-20,0,0
114.613,-20,0,0
42.0991,-20,0,0
81.3238,-20,0,0
71.7747,-20,0,0
152.915,-20,0,0
158.087,-20,0,0
121.638,-20,0,0
109.297,-20,0,0
127.092,-20,0,0
242.569,-20,0,0
105.214,-20,0,0
125.252,-20,0,0
431.506,-20,0,0
103.855,-20,0,0
311.362,-20,0,0
93.8819,-20,0,0
164.022,-20,0,0
104.35,-20,0,0
177.591,-20,0,0
85.8275,-20,0,0
379.235,-20,0,0
110.864,-20,0,0
84.2968,-20,0,0
252.767,-20,0,0
430.181,-20,0,0
282.087,-20,0,0
334.43,-20,0,0
282.35,-20,0,0
102.491,-20,0,0
89.9557,-20,0,0
87.3454,-20,0,0
78.4507,-20,0,0
139.332,-20,0,0
22.7941,-20,0,0
150.639,-20,0,0
105.907,-20,0,0
108.874,-20,0,0
211.508,-20,0,0
347.887,-20,0,0
347.465,-20,0,0
167.279,-20,0,0
98.4647,-20,0,0
471.706,-20,0,0
150.488,-20,0,0
350.708,-20,0,0
36.0797,-20,0,0
251.017,-20,0,0
189.204,-20,0,0
134.194,-20,0,0
115.69,-20,0,0
176.812,-20,0,0
31.5025,-20,0,0
383.212,-20,0,0
432.904,-20,0,0
390.085,-20,0,0
184.249,-20,0,0
118.886,-20,0,0
430.401,-20,0,0
78.9646,-20,0,0
145.187,-20,0,0
84.3025,-20,0,0
125.176,-20,0,0
693.526,-20,0,0
85.2318,-20,0,0
225.564,-20,0,0
12.9974,-20,0,0
161.928,-20,0,0
98.1088,-20,0,0
102.969,-20,0,0
241.92,-20,0,0
83.6597,-20,0,0
205.24,-20,0,0
267.973,-20,0,0
108.194,-20,0,0
219.05,-20,0,0
10.1126,-20,0,0
154.659,-20,0,0
95.0818,-20,0,0
142.836,-20,0,0
176.808,-20,0,0
205.394,-20,0,0
257.74,-20,0,0
104.233,-20,0,0
102.309,-20,0,0
168.639,-20,0,0
372.274,-20,0,0
81.6932,-20,0,0
157.058,-20,0,0
189.907,-20,0,0
107.798,-20,0,0
125.654,-20,0,0
131.764,-20,0,0
112.419,-20,0,0
92.393,-20,0,0
109.776,-20,0,0
129.284,-20,0,0
165.909,-20,0,0
101.491,-20,0,0
91.0829,-20,0,0
418.134,-20,0,0
157.496,-20,0,0
433.564,-20,0,0
68.0665,-20,0,0
380.562,-20,0,0
113.233,-20,0,0
92.6987,-20,0,0
255.14,-20,0,0
97.4167,-20,0,0
580.067,-20,0,0
101.629,-20,0,0
239.193,-20,0,0
150.342,-20,0,0
402.208,-20,0,0
160.825,-20,0,0
231.663,-20,0,0
311.466,-20,0,0
8.93354,-20,0,0
198.526,-20,0,0
199.751,-20,0,0
191.522,-20,0,0
122.172,-20,0,0
100.663,-20,0,0
141.145,-20,0,0
93.1269,-20,0,0
102.352,-20,0,0
115.606,-20,0,0
367.17,-20,0,0
114.505,-20,0,0
116.742,-20,0,0
209.076,-20,0,0
195.051,-20,0,0
119.534,-20,0,0
106.892,-20,0,0
86.1668,-20,0,0
85.0972,-20,0,0
238.815,-20,0,0
179.8,-20,0,0
139.908,-20,0,0
159.591,-20,0,0
102.234,-20,0,0
17.9359,-20,0,0
110.155,-20,0,0
41.0996,-20,0,0
104.469,-20,0,0
496.62,-20,0,0
134.295,-20,0,0
263.961,-20,0,0
379.918,-20,0,0
154.524,-20,0,0
86.6657,-20,0,0
116.265,-20,0,0
93.7438,-20,0,0
284.442,-20,0,0
89.0916,-20,0,0
207.204,-20,0,0
294.691,-20,0,0
187.008,-20,0,0
90.7632,-20,0,0
678.276,-20,0,0
760.45,-20,0,0
50.0968,-20,0,0
205.166,-20,0,0
185.789,-20,0,0
222.931,-20,0,0
295.801,-20,0,0
78.2573,-20,0,0
52.6797,-20,0,0
165.769,-20,0,0
23.5647,-20,0,0
116.47,-20,0,0
145.816,-20,0,0
37.8579,-20,0,0
28.757,-20,0,0
264.29,-20,0,0
116.402,-20,0,0
157.893,-20,0,0
132.844,-20,0,0
81.216,-20,0,0
258.552,-20,0,0
193.948,-20,0,0
109.829,-20,0,0
125.453,-20,0,0
211.7,-20,0,0
111.656,-20,0,0
167.218,-20,0,0
114.253,-20,0,0
536.458,-20,0,0
260.723,-20,0,0
106.919,-20,0,0
66.14,-20,0,0
72.6184,-20,0,0
273.92,-20,0,0
293.514,-20,0,0
147.185,-20,0,0
75.5323,-20,0,0
421.283,-20,0,0
93.9531,-20,0,0
344.59,-20,0,0
460.069,-20,0,0
123.678,-20,0,0
326.198,-20,0,0
93.0709,-20,0,0
435.146,-20,0,0
250.142,-20,0,0
252.621,-20,0,0
119.739,-20,0,0
287.365,-20,0,0
305.423,-20,0,0
282.461,-20,0,0
222.665,-20,0,0
179.111,-20,0,0
211.709,-20,0,0
93.5237,-20,0,0
106.262,-20,0,0
14.0549,-20,0,0
118.857,-20,0,0
264.509,-20,0,0
157.162,-20,0,0
94.6218,-20,0,0
57.6129,-20,0,0
516.857,-20,0,0
109.721,-20,0,0
127.511,-20,0,0
180.614,-20,0,0
105.872,-20,0,0
325.011,-20,0,0
58.1782,-20,0,0
25.0938,-20,0,0
66.6983,-20,0,0
89.4412,-20,0,0
171.205,-20,0,0
149.177,-20,0,0
