EnergyDepositedInSi, SourceZ, SiAngleOffAxis, AbsorberThickness
294.648,-40,0,0
324.744,-40,0,0
242.021,-40,0,0
269.235,-40,0,0
114.418,-40,0,0
286.016,-40,0,0
61.1136,-40,0,0
149.825,-40,0,0
129.91,-40,0,0
101.088,-40,0,0
217.835,-40,0,0
114.177,-40,0,0
411.822,-40,0,0
228.141,-40,0,0
182.503,-40,0,0
81.9341,-40,0,0
86.7378,-40,0,0
86.4748,-40,0,0
13.6286,-40,0,0
223.842,-40,0,0
118.764,-40,0,0
164.134,-40,0,0
244.901,-40,0,0
376.209,-40,0,0
94.4305,-40,0,0
180.347,-40,0,0
234.691,-40,0,0
127.339,-40,0,0
101.503,-40,0,0
166.871,-40,0,0
113.559,-40,0,0
224.912,-40,0,0
107.831,-40,0,0
90.2949,-40,0,0
92.3755,-40,0,0
308.242,-40,0,0
124.408,-40,0,0
98.7664,-40,0,0
103.088,-40,0,0
98.7195,-40,0,0
220.448,-40,0,0
81.5773,-40,0,0
87.8007,-40,0,0
253.044,-40,0,0
90.1394,-40,0,0
200.712,-40,0,0
155.705,-40,0,0
4.44365,-40,0,0
103.82,-40,0,0
211.112,-40,0,0
126.755,-40,0,0
103.245,-40,0,0
281.877,-40,0,0
125.078,-40,0,0
103.79,-40,0,0
125.202,-40,0,0
105.219,-40,0,0
92.4274,-40,0,0
104.802,-40,0,0
189.068,-40,0,0
90.2453,-40,0,0
187.712,-40,0,0
93.213,-40,0,0
482.68,-40,0,0
239.669,-40,0,0
133.341,-40,0,0
88.5483,-40,0,0
193.818,-40,0,0
218.207,-40,0,0
103.649,-40,0,0
260.465,-40,0,0
338.086,-40,0,0
164.65,-40,0,0
162.822,-40,0,0
83.4978,-40,0,0
80.4764,-40,0,0
166.362,-40,0,0
160.914,-40,0,0
183.45,-40,0,0
22.8668,-40,0,0
94.7934,-40,0,0
45.5208,-40,0,0
144.008,-40,0,0
225.726,-40,0,0
94.1432,-40,0,0
93.7823,-40,0,0
108.555,-40,0,0
95.0145,-40,0,0
82.9907,-40,0,0
214.213,-40,0,0
92.0336,-40,0,0
337.897,-40,0,0
106.017,-40,0,0
86.7826,-40,0,0
460.577,-40,0,0
191.29,-40,0,0
83.1487,-40,0,0
419.009,-40,0,0
110.816,-40,0,0
105.614,-40,0,0
128.863,-40,0,0
145.089,-40,0,0
85.0671,-40,0,0
110.283,-40,0,0
161.914,-40,0,0
116.804,-40,0,0
168.156,-40,0,0
198.085,-40,0,0
162.559,-40,0,0
207.704,-40,0,0
141.768,-40,0,0
245.855,-40,0,0
97.9889,-40,0,0
299.2,-40,0,0
100.603,-40,0,0
156.339,-40,0,0
100.395,-40,0,0
76.5019,-40,0,0
101.411,-40,0,0
432.84,-40,0,0
82.9367,-40,0,0
169.372,-40,0,0
226.119,-40,0,0
110.22,-40,0,0
84.8368,-40,0,0
109.102,-40,0,0
141.058,-40,0,0
335.152,-40,0,0
111.944,-40,0,0
153.444,-40,0,0
451.999,-40,0,0
111.795,-40,0,0
191.711,-40,0,0
331.28,-40,0,0
87.8302,-40,0,0
172.427,-40,0,0
196.755,-40,0,0
310.868,-40,0,0
335.374,-40,0,0
74.0822,-40,0,0
194.81,-40,0,0
53.9557,-40,0,0
99.548,-40,0,0
236.519,-40,0,0
144.245,-40,0,0
117.657,-40,0,0
87.8468,-40,0,0
161.307,-40,0,0
78.4202,-40,0,0
7.27215,-40,0,0
92.2299,-40,0,0
99.372,-40,0,0
122.877,-40,0,0
167.699,-40,0,0
223.085,-40,0,0
268.33,-40,0,0
213.657,-40,0,0
132.599,-40,0,0
212.892,-40,0,0
90.8021,-40,0,0
281.94,-40,0,0
172.983,-40,0,0
232.776,-40,0,0
169.805,-40,0,0
94.1254,-40,0,0
38.3783,-40,0,0
102.297,-40,0,0
95.0807,-40,0,0
332.776,-40,0,0
97.9839,-40,0,0
121.491,-40,0,0
165.195,-40,0,0
22.1459,-40,0,0
98.1012,-40,0,0
114.597,-40,0,0
265.245,-40,0,0
94.067,-40,0,0
111.621,-40,0,0
92.1401,-40,0,0
224.523,-40,0,0
113.141,-40,0,0
93.8231,-40,0,0
20.5011,-40,0,0
89.5961,-40,0,0
117.151,-40,0,0
153.48,-40,0,0
99.0058,-40,0,0
114.632,-40,0,0
178.196,-40,0,0
108.374,-40,0,0
102.544,-40,0,0
669.138,-40,0,0
283.825,-40,0,0
232.378,-40,0,0
102.24,-40,0,0
139.785,-40,0,0
14.1246,-40,0,0
275.645,-40,0,0
503.282,-40,0,0
147.31,-40,0,0
191.556,-40,0,0
276.229,-40,0,0
96.7314,-40,0,0
927.291,-40,0,0
104.365,-40,0,0
391.52,-40,0,0
349.809,-40,0,0
142.494,-40,0,0
288.533,-40,0,0
93.7445,-40,0,0
248.097,-40,0,0
186.434,-40,0,0
109.452,-40,0,0
163.981,-40,0,0
90.9862,-40,0,0
394.341,-40,0,0
99.7399,-40,0,0
480.085,-40,0,0
107.336,-40,0,0
70.9427,-40,0,0
122.325,-40,0,0
200.828,-40,0,0
370.378,-40,0,0
320.399,-40,0,0
140.241,-40,0,0
469.499,-40,0,0
112.859,-40,0,0
168.61,-40,0,0
108.189,-40,0,0
450.168,-40,0,0
166.09,-40,0,0
87.389,-40,0,0
116.007,-40,0,0
119.126,-40,0,0
77.5335,-40,0,0
77.664,-40,0,0
89.7979,-40,0,0
193.843,-40,0,0
149.429,-40,0,0
166.167,-40,0,0
178.068,-40,0,0
183.241,-40,0,0
117.343,-40,0,0
61.7368,-40,0,0
121.597,-40,0,0
27.9294,-40,0,0
72.1555,-40,0,0
207.954,-40,0,0
20.7771,-40,0,0
126.076,-40,0,0
87.1581,-40,0,0
246.33,-40,0,0
88.0703,-40,0,0
128.735,-40,0,0
105.072,-40,0,0
191.66,-40,0,0
164.505,-40,0,0
104.167,-40,0,0
203.49,-40,0,0
575.011,-40,0,0
548.862,-40,0,0
97.5604,-40,0,0
109.884,-40,0,0
88.8208,-40,0,0
100.194,-40,0,0
156.644,-40,0,0
244.329,-40,0,0
258.709,-40,0,0
285.392,-40,0,0
119.214,-40,0,0
43.0673,-40,0,0
223.848,-40,0,0
129.666,-40,0,0
140.178,-40,0,0
212.695,-40,0,0
116.517,-40,0,0
161.736,-40,0,0
69.2761,-40,0,0
384.64,-40,0,0
103.645,-40,0,0
78.4162,-40,0,0
119.212,-40,0,0
108.015,-40,0,0
153.081,-40,0,0
159.287,-40,0,0
26.3213,-40,0,0
205.539,-40,0,0
389.821,-40,0,0
166.232,-40,0,0
151.821,-40,0,0
88.3026,-40,0,0
254.815,-40,0,0
197.615,-40,0,0
115.229,-40,0,0
124.908,-40,0,0
192.257,-40,0,0
142.101,-40,0,0
87.4277,-40,0,0
70.7252,-40,0,0
168.52,-40,0,0
98.5273,-40,0,0
376.92,-40,0,0
71.0076,-40,0,0
82.2322,-40,0,0
115.576,-40,0,0
133.604,-40,0,0
263.187,-40,0,0
393.071,-40,0,0
106.666,-40,0,0
263.236,-40,0,0
116.413,-40,0,0
86.12,-40,0,0
103.19,-40,0,0
97.7007,-40,0,0
268.165,-40,0,0
109.964,-40,0,0
182.878,-40,0,0
114.676,-40,0,0
137.67,-40,0,0
191.058,-40,0,0
78.7004,-40,0,0
102.177,-40,0,0
326.962,-40,0,0
216.102,-40,0,0
134.948,-40,0,0
248.622,-40,0,0
342.016,-40,0,0
84.0826,-40,0,0
126.416,-40,0,0
99.8954,-40,0,0
102.735,-40,0,0
254.865,-40,0,0
96.1749,-40,0,0
511.924,-40,0,0
126.305,-40,0,0
85.4355,-40,0,0
105.557,-40,0,0
100.896,-40,0,0
87.3218,-40,0,0
340.331,-40,0,0
148.86,-40,0,0
538.127,-40,0,0
454.311,-40,0,0
287.971,-40,0,0
130.79,-40,0,0
143.467,-40,0,0
420.562,-40,0,0
459.59,-40,0,0
155.632,-40,0,0
107.648,-40,0,0
97.5024,-40,0,0
386.066,-40,0,0
11.8889,-40,0,0
296.896,-40,0,0
104.209,-40,0,0
15.1859,-40,0,0
138.147,-40,0,0
94.3151,-40,0,0
367.311,-40,0,0
103.814,-40,0,0
74.0637,-40,0,0
75.8699,-40,0,0
162.867,-40,0,0
113.119,-40,0,0
242.225,-40,0,0
102.215,-40,0,0
315.264,-40,0,0
106.887,-40,0,0
151.775,-40,0,0
196.234,-40,0,0
250.389,-40,0,0
81.2966,-40,0,0
310.329,-40,0,0
165.91,-40,0,0
98.517,-40,0,0
209.898,-40,0,0
111.174,-40,0,0
102.988,-40,0,0
90.1077,-40,0,0
398.426,-40,0,0
301.457,-40,0,0
392.984,-40,0,0
319.538,-40,0,0
90.6083,-40,0,0
156.045,-40,0,0
217.855,-40,0,0
46.6461,-40,0,0
577.955,-40,0,0
64.9324,-40,0,0
438.417,-40,0,0
94.4447,-40,0,0
57.3844,-40,0,0
19.6147,-40,0,0
276.735,-40,0,0
73.7206,-40,0,0
123.793,-40,0,0
105.578,-40,0,0
85.8671,-40,0,0
508.025,-40,0,0
193.58,-40,0,0
151.043,-40,0,0
93.3924,-40,0,0
80.3794,-40,0,0
137.118,-40,0,0
97.5767,-40,0,0
208.314,-40,0,0
540.11,-40,0,0
114.444,-40,0,0
342.057,-40,0,0
134.568,-40,0,0
151.253,-40,0,0
253.146,-40,0,0
782.472,-40,0,0
85.5913,-40,0,0
177.403,-40,0,0
89.9828,-40,0,0
335.459,-40,0,0
114.319,-40,0,0
142.371,-40,0,0
195.248,-40,0,0
86.464,-40,0,0
121.295,-40,0,0
139.348,-40,0,0
97.2836,-40,0,0
81.9831,-40,0,0
114.801,-40,0,0
156.121,-40,0,0
147.233,-40,0,0
52.8578,-40,0,0
75.3484,-40,0,0
86.3205,-40,0,0
126.06,-40,0,0
199.433,-40,0,0
124.889,-40,0,0
121.973,-40,0,0
574.958,-40,0,0
120.555,-40,0,0
136.747,-40,0,0
94.994,-40,0,0
252.502,-40,0,0
82.1683,-40,0,0
29.6785,-40,0,0
131.265,-40,0,0
129.083,-40,0,0
105.597,-40,0,0
203.247,-40,0,0
124.659,-40,0,0
112.326,-40,0,0
124.043,-40,0,0
28.4045,-40,0,0
91.7562,-40,0,0
78.6598,-40,0,0
100.313,-40,0,0
107.534,-40,0,0
135.465,-40,0,0
118.045,-40,0,0
274.825,-40,0,0
153.902,-40,0,0
128.597,-40,0,0
120.193,-40,0,0
139.148,-40,0,0
70.7173,-40,0,0
142.615,-40,0,0
242.412,-40,0,0
96.4229,-40,0,0
140.682,-40,0,0
164.544,-40,0,0
152.354,-40,0,0
341.44,-40,0,0
104.026,-40,0,0
99.7078,-40,0,0
245.815,-40,0,0
105.824,-40,0,0
187.967,-40,0,0
127.125,-40,0,0
173.157,-40,0,0
92.2779,-40,0,0
116.335,-40,0,0
78.5128,-40,0,0
198.263,-40,0,0
212.326,-40,0,0
125.724,-40,0,0
70.8309,-40,0,0
88.0819,-40,0,0
319.045,-40,0,0
85.3106,-40,0,0
97.2363,-40,0,0
144.431,-40,0,0
320.589,-40,0,0
379.519,-40,0,0
203.014,-40,0,0
402.493,-40,0,0
185.902,-40,0,0
96.5987,-40,0,0
92.1586,-40,0,0
421.638,-40,0,0
387.464,-40,0,0
103.323,-40,0,0
424.918,-40,0,0
97.6982,-40,0,0
165.686,-40,0,0
115.887,-40,0,0
92.1065,-40,0,0
81.9011,-40,0,0
127.329,-40,0,0
64.5164,-40,0,0
344.394,-40,0,0
98.0289,-40,0,0
616.931,-40,0,0
113.463,-40,0,0
107.006,-40,0,0
116.236,-40,0,0
136.293,-40,0,0
105.518,-40,0,0
87.9523,-40,0,0
81.0565,-40,0,0
118.679,-40,0,0
90.2466,-40,0,0
138.928,-40,0,0
666.001,-40,0,0
105.326,-40,0,0
148.095,-40,0,0
154.139,-40,0,0
217.625,-40,0,0
269.378,-40,0,0
367.998,-40,0,0
83.1057,-40,0,0
87.4466,-40,0,0
110.855,-40,0,0
432.703,-40,0,0
273.283,-40,0,0
77.9179,-40,0,0
112.809,-40,0,0
46.6691,-40,0,0
499.516,-40,0,0
107.335,-40,0,0
28.746,-40,0,0
96.9313,-40,0,0
83.1227,-40,0,0
106.982,-40,0,0
228.34,-40,0,0
137.759,-40,0,0
119.682,-40,0,0
156.944,-40,0,0
66.4458,-40,0,0
86.9313,-40,0,0
153.715,-40,0,0
121.164,-40,0,0
149.977,-40,0,0
228.301,-40,0,0
126.111,-40,0,0
115.175,-40,0,0
85.1303,-40,0,0
330.028,-40,0,0
111.837,-40,0,0
396.441,-40,0,0
167.471,-40,0,0
163.165,-40,0,0
100.448,-40,0,0
250.281,-40,0,0
281.51,-40,0,0
91.5852,-40,0,0
119.106,-40,0,0
129.96,-40,0,0
86.1468,-40,0,0
91.9813,-40,0,0
69.8652,-40,0,0
331.686,-40,0,0
97.4929,-40,0,0
103.744,-40,0,0
133.142,-40,0,0
95.6426,-40,0,0
112.065,-40,0,0
137.797,-40,0,0
359.289,-40,0,0
78.2527,-40,0,0
472.436,-40,0,0
70.8278,-40,0,0
352.592,-40,0,0
149.065,-40,0,0
126.073,-40,0,0
104.097,-40,0,0
92.0934,-40,0,0
203.055,-40,0,0
43.5071,-40,0,0
58.9986,-40,0,0
300.713,-40,0,0
342.667,-40,0,0
84.3341,-40,0,0
272.397,-40,0,0
82.1727,-40,0,0
189.288,-40,0,0
166.123,-40,0,0
115.433,-40,0,0
207.435,-40,0,0
95.7475,-40,0,0
107.495,-40,0,0
290.603,-40,0,0
455.04,-40,0,0
108.872,-40,0,0
103.858,-40,0,0
525.615,-40,0,0
95.1792,-40,0,0
100.115,-40,0,0
207.947,-40,0,0
112.355,-40,0,0
454.688,-40,0,0
165.842,-40,0,0
78.0121,-40,0,0
134.442,-40,0,0
101.906,-40,0,0
114.103,-40,0,0
206.539,-40,0,0
94.3285,-40,0,0
153.715,-40,0,0
145.019,-40,0,0
293.698,-40,0,0
208.751,-40,0,0
29.2297,-40,0,0
93.6275,-40,0,0
110.034,-40,0,0
147.121,-40,0,0
538.462,-40,0,0
143.597,-40,0,0
433.672,-40,0,0
98.4636,-40,0,0
247.371,-40,0,0
93.5396,-40,0,0
253.949,-40,0,0
137.267,-40,0,0
258.447,-40,0,0
135.347,-40,0,0
232.964,-40,0,0
81.978,-40,0,0
369.997,-40,0,0
82.5391,-40,0,0
283.676,-40,0,0
173.896,-40,0,0
125.095,-40,0,0
109.313,-40,0,0
832.529,-40,0,0
145.292,-40,0,0
151.702,-40,0,0
126.445,-40,0,0
184.431,-40,0,0
248.315,-40,0,0
130.556,-40,0,0
101.218,-40,0,0
842.086,-40,0,0
154.092,-40,0,0
160.557,-40,0,0
96.9797,-40,0,0
343.851,-40,0,0
162.358,-40,0,0
77.7684,-40,0,0
81.7416,-40,0,0
231.353,-40,0,0
196.956,-40,0,0
74.3459,-40,0,0
129.869,-40,0,0
344.809,-40,0,0
71.7753,-40,0,0
130.081,-40,0,0
97.7943,-40,0,0
29.7915,-40,0,0
104.666,-40,0,0
270.485,-40,0,0
145.602,-40,0,0
252.676,-40,0,0
230.098,-40,0,0
360.521,-40,0,0
353.685,-40,0,0
267.378,-40,0,0
387.543,-40,0,0
178.067,-40,0,0
401.29,-40,0,0
96.2282,-40,0,0
138.173,-40,0,0
130.52,-40,0,0
215.583,-40,0,0
185.424,-40,0,0
237.265,-40,0,0
14.1246,-40,0,0
25.7594,-40,0,0
95.4688,-40,0,0
400.074,-40,0,0
112.698,-40,0,0
83.6952,-40,0,0
91.1593,-40,0,0
127.819,-40,0,0
119.661,-40,0,0
98.7117,-40,0,0
771.381,-40,0,0
79.0171,-40,0,0
108.677,-40,0,0
97.8213,-40,0,0
258.42,-40,0,0
101.965,-40,0,0
85.9833,-40,0,0
131.944,-40,0,0
136.044,-40,0,0
114.151,-40,0,0
85.2599,-40,0,0
225.794,-40,0,0
112.925,-40,0,0
108.069,-40,0,0
265.826,-40,0,0
49.9436,-40,0,0
155.739,-40,0,0
162.165,-40,0,0
107.368,-40,0,0
182.461,-40,0,0
88.7077,-40,0,0
127.006,-40,0,0
76.8835,-40,0,0
120.334,-40,0,0
86.3842,-40,0,0
117.354,-40,0,0
119.633,-40,0,0
246.025,-40,0,0
154.141,-40,0,0
168.465,-40,0,0
280.984,-40,0,0
291.261,-40,0,0
128.172,-40,0,0
171.899,-40,0,0
106.748,-40,0,0
460.447,-40,0,0
91.0548,-40,0,0
162.108,-40,0,0
5.42444,-40,0,0
113.793,-40,0,0
435.214,-40,0,0
69.6312,-40,0,0
132.403,-40,0,0
99.6906,-40,0,0
143.667,-40,0,0
170.522,-40,0,0
105.375,-40,0,0
84.0673,-40,0,0
187.896,-40,0,0
189.957,-40,0,0
81.5887,-40,0,0
305.926,-40,0,0
404.181,-40,0,0
538.729,-40,0,0
102.157,-40,0,0
134.801,-40,0,0
176.674,-40,0,0
224.098,-40,0,0
133.127,-40,0,0
157.667,-40,0,0
134.226,-40,0,0
362.589,-40,0,0
145.245,-40,0,0
119.833,-40,0,0
101.493,-40,0,0
246.018,-40,0,0
421.051,-40,0,0
172.617,-40,0,0
331.965,-40,0,0
200.677,-40,0,0
136.899,-40,0,0
107.162,-40,0,0
161.676,-40,0,0
186.766,-40,0,0
117.779,-40,0,0
131.104,-40,0,0
134.264,-40,0,0
82.1083,-40,0,0
428.564,-40,0,0
159.168,-40,0,0
123.152,-40,0,0
221.721,-40,0,0
112.729,-40,0,0
96.5355,-40,0,0
113.166,-40,0,0
117.943,-40,0,0
126.741,-40,0,0
306.669,-40,0,0
302.254,-40,0,0
320.256,-40,0,0
223.358,-40,0,0
147.144,-40,0,0
77.124,-40,0,0
329.04,-40,0,0
101.706,-40,0,0
233.271,-40,0,0
279.738,-40,0,0
85.0417,-40,0,0
106.218,-40,0,0
16.1347,-40,0,0
124.424,-40,0,0
135.182,-40,0,0
326.849,-40,0,0
122.559,-40,0,0
86.3901,-40,0,0
167.779,-40,0,0
122.573,-40,0,0
498.294,-40,0,0
357.865,-40,0,0
78.0908,-40,0,0
306.649,-40,0,0
83.5118,-40,0,0
138.223,-40,0,0
258.918,-40,0,0
75.1515,-40,0,0
605.832,-40,0,0
113.63,-40,0,0
265.454,-40,0,0
370.74,-40,0,0
430.362,-40,0,0
258.333,-40,0,0
97.3425,-40,0,0
215.39,-40,0,0
136.47,-40,0,0
105.947,-40,0,0
215.677,-40,0,0
126.247,-40,0,0
177.368,-40,0,0
159.254,-40,0,0
155.976,-40,0,0
236.637,-40,0,0
127.649,-40,0,0
281.782,-40,0,0
113.925,-40,0,0
274.24,-40,0,0
102.996,-40,0,0
343.86,-40,0,0
318.59,-40,0,0
215.252,-40,0,0
86.8685,-40,0,0
196.613,-40,0,0
215.888,-40,0,0
269.757,-40,0,0
98.452,-40,0,0
37.8963,-40,0,0
77.9723,-40,0,0
148.226,-40,0,0
126.888,-40,0,0
236.749,-40,0,0
360.103,-40,0,0
284.393,-40,0,0
454.749,-40,0,0
193.921,-40,0,0
125.401,-40,0,0
107.787,-40,0,0
86.9129,-40,0,0
82.9024,-40,0,0
272.601,-40,0,0
296.58,-40,0,0
92.3622,-40,0,0
4.9821,-40,0,0
117.408,-40,0,0
110.247,-40,0,0
132.315,-40,0,0
132.869,-40,0,0
93.6979,-40,0,0
339.714,-40,0,0
132.24,-40,0,0
438.964,-40,0,0
84.4899,-40,0,0
346.685,-40,0,0
114.474,-40,0,0
115.428,-40,0,0
182.122,-40,0,0
350.357,-40,0,0
404.569,-40,0,0
105.606,-40,0,0
118.772,-40,0,0
142.622,-40,0,0
288.354,-40,0,0
146.247,-40,0,0
90.4139,-40,0,0
205.093,-40,0,0
245.505,-40,0,0
160.085,-40,0,0
323.502,-40,0,0
90.3753,-40,0,0
101.556,-40,0,0
301.09,-40,0,0
169.012,-40,0,0
98.0259,-40,0,0
548.053,-40,0,0
119.762,-40,0,0
112.191,-40,0,0
100.256,-40,0,0
98.4863,-40,0,0
466.914,-40,0,0
105.092,-40,0,0
87.6388,-40,0,0
145.943,-40,0,0
147.34,-40,0,0
394.565,-40,0,0
386.036,-40,0,0
142.203,-40,0,0
189.655,-40,0,0
92.6051,-40,0,0
261.803,-40,0,0
91.9276,-40,0,0
97.7611,-40,0,0
116.515,-40,0,0
357.802,-40,0,0
166.277,-40,0,0
312.276,-40,0,0
295.485,-40,0,0
96.074,-40,0,0
83.4185,-40,0,0
129.881,-40,0,0
107.807,-40,0,0
80.0263,-40,0,0
90.6812,-40,0,0
125.91,-40,0,0
108.965,-40,0,0
112.384,-40,0,0
164.465,-40,0,0
474.764,-40,0,0
49.5847,-40,0,0
97.8277,-40,0,0
322.934,-40,0,0
302.79,-40,0,0
288.988,-40,0,0
320.014,-40,0,0
195,-40,0,0
260.283,-40,0,0
282.387,-40,0,0
131.286,-40,0,0
104.943,-40,0,0
91.0985,-40,0,0
98.8865,-40,0,0
86.3744,-40,0,0
328.698,-40,0,0
475.209,-40,0,0
301.927,-40,0,0
101.042,-40,0,0
244.044,-40,0,0
250.051,-40,0,0
295.14,-40,0,0
163.808,-40,0,0
171.226,-40,0,0
88.5182,-40,0,0
142.528,-40,0,0
92.4901,-40,0,0
285.031,-40,0,0
125.049,-40,0,0
223.727,-40,0,0
164.894,-40,0,0
160.774,-40,0,0
403.457,-40,0,0
571.668,-40,0,0
236.005,-40,0,0
335.578,-40,0,0
154.734,-40,0,0
156.471,-40,0,0
268.68,-40,0,0
106.85,-40,0,0
91.3249,-40,0,0
97.0899,-40,0,0
165.999,-40,0,0
150.81,-40,0,0
165.888,-40,0,0
102.101,-40,0,0
86.9539,-40,0,0
130.314,-40,0,0
76.9874,-40,0,0
95.7796,-40,0,0
124.033,-40,0,0
108.236,-40,0,0
97.1561,-40,0,0
134.729,-40,0,0
111.825,-40,0,0
480.488,-40,0,0
92.8462,-40,0,0
95.3866,-40,0,0
542.138,-40,0,0
166.637,-40,0,0
119.579,-40,0,0
499.875,-40,0,0
83.997,-40,0,0
130.444,-40,0,0
76.0913,-40,0,0
83.0943,-40,0,0
103.066,-40,0,0
88.2037,-40,0,0
24.8988,-40,0,0
108.206,-40,0,0
249.652,-40,0,0
136.979,-40,0,0
333.392,-40,0,0
72.3605,-40,0,0
137.155,-40,0,0
292.793,-40,0,0
75.186,-40,0,0
109.301,-40,0,0
100.85,-40,0,0
93.3946,-40,0,0
88.6627,-40,0,0
106.876,-40,0,0
39.2171,-40,0,0
90.3717,-40,0,0
547.324,-40,0,0
130.589,-40,0,0
76.0443,-40,0,0
91.1004,-40,0,0
524.751,-40,0,0
97.4906,-40,0,0
465.994,-40,0,0
306.48,-40,0,0
2.70206,-40,0,0
213.535,-40,0,0
79.9046,-40,0,0
128.791,-40,0,0
6.3351,-40,0,0
265.131,-40,0,0
53.9909,-40,0,0
122.537,-40,0,0
157.263,-40,0,0
87.9318,-40,0,0
168.488,-40,0,0
120.47,-40,0,0
105.839,-40,0,0
179.591,-40,0,0
364.945,-40,0,0
121.135,-40,0,0
49.2177,-40,0,0
232.556,-40,0,0
157.431,-40,0,0
262.179,-40,0,0
92.2295,-40,0,0
40.5612,-40,0,0
149.36,-40,0,0
322.539,-40,0,0
308.332,-40,0,0
265.088,-40,0,0
82.0322,-40,0,0
105.027,-40,0,0
201.451,-40,0,0
104.973,-40,0,0
98.9817,-40,0,0
221.714,-40,0,0
186.836,-40,0,0
95.7193,-40,0,0
377.762,-40,0,0
129.499,-40,0,0
125.82,-40,0,0
182.575,-40,0,0
108.93,-40,0,0
95.2819,-40,0,0
88.4124,-40,0,0
211.113,-40,0,0
300.598,-40,0,0
93.2838,-40,0,0
253.676,-40,0,0
92.4109,-40,0,0
111.1,-40,0,0
99.4216,-40,0,0
187.698,-40,0,0
610.848,-40,0,0
158.85,-40,0,0
95.7427,-40,0,0
100.683,-40,0,0
92.2159,-40,0,0
226.342,-40,0,0
329.127,-40,0,0
128.875,-40,0,0
82.9817,-40,0,0
148.751,-40,0,0
158.439,-40,0,0
515.887,-40,0,0
306.374,-40,0,0
226.697,-40,0,0
93.449,-40,0,0
99.5695,-40,0,0
579.204,-40,0,0
175.726,-40,0,0
297.624,-40,0,0
181.582,-40,0,0
89.379,-40,0,0
119.951,-40,0,0
322.901,-40,0,0
97.8838,-40,0,0
179.696,-40,0,0
268.125,-40,0,0
97.0016,-40,0,0
118.677,-40,0,0
118.995,-40,0,0
148.7,-40,0,0
97.8394,-40,0,0
243.494,-40,0,0
161.155,-40,0,0
153.377,-40,0,0
241.692,-40,0,0
78.0511,-40,0,0
123.564,-40,0,0
121.471,-40,0,0
91.9563,-40,0,0
66.9264,-40,0,0
269.397,-40,0,0
91.9539,-40,0,0
144.652,-40,0,0
272.485,-40,0,0
501.978,-40,0,0
224.131,-40,0,0
280.255,-40,0,0
312.831,-40,0,0
307.319,-40,0,0
270.269,-40,0,0
372.822,-40,0,0
109.879,-40,0,0
82.1126,-40,0,0
90.0896,-40,0,0
194.02,-40,0,0
93.4113,-40,0,0
416.278,-40,0,0
113.22,-40,0,0
163.973,-40,0,0
130.577,-40,0,0
103.435,-40,0,0
107.073,-40,0,0
298.171,-40,0,0
117.143,-40,0,0
187.267,-40,0,0
221.904,-40,0,0
60.8766,-40,0,0
291.04,-40,0,0
182.816,-40,0,0
249.265,-40,0,0
289.148,-40,0,0
202.77,-40,0,0
195.461,-40,0,0
99.7187,-40,0,0
261.58,-40,0,0
575.048,-40,0,0
114.757,-40,0,0
95.3453,-40,0,0
402.121,-40,0,0
118.464,-40,0,0
159.403,-40,0,0
125.384,-40,0,0
118.022,-40,0,0
54.2002,-40,0,0
400.75,-40,0,0
113.46,-40,0,0
160.245,-40,0,0
76.8408,-40,0,0
109.872,-40,0,0
188.139,-40,0,0
186.235,-40,0,0
125.251,-40,0,0
95.8812,-40,0,0
105.55,-40,0,0
176.64,-40,0,0
71.1451,-40,0,0
179.391,-40,0,0
104.123,-40,0,0
208.733,-40,0,0
558.462,-40,0,0
85.0007,-40,0,0
122.037,-40,0,0
184.941,-40,0,0
469.496,-40,0,0
109.948,-40,0,0
330.528,-40,0,0
76.9984,-40,0,0
138.98,-40,0,0
89.2874,-40,0,0
44.5993,-40,0,0
126.631,-40,0,0
414.25,-40,0,0
103.183,-40,0,0
92.6523,-40,0,0
177.814,-40,0,0
136.067,-40,0,0
152.689,-40,0,0
229.39,-40,0,0
85.9619,-40,0,0
69.4853,-40,0,0
204.871,-40,0,0
112.845,-40,0,0
115.191,-40,0,0
106.486,-40,0,0
304.38,-40,0,0
103.891,-40,0,0
79.4566,-40,0,0
275.158,-40,0,0
201.84,-40,0,0
129.646,-40,0,0
89.9134,-40,0,0
137.255,-40,0,0
76.1125,-40,0,0
153.625,-40,0,0
356.045,-40,0,0
220.649,-40,0,0
102.08,-40,0,0
202.841,-40,0,0
110.504,-40,0,0
178.299,-40,0,0
421.883,-40,0,0
235.108,-40,0,0
80.71,-40,0,0
226.459,-40,0,0
404.655,-40,0,0
194.631,-40,0,0
89.4934,-40,0,0
130.389,-40,0,0
327.115,-40,0,0
159.952,-40,0,0
342.234,-40,0,0
140.124,-40,0,0
164.904,-40,0,0
471.826,-40,0,0
253.289,-40,0,0
121.492,-40,0,0
681.845,-40,0,0
115.473,-40,0,0
138.535,-40,0,0
81.5102,-40,0,0
119.528,-40,0,0
245.659,-40,0,0
395.157,-40,0,0
83.2196,-40,0,0
83.046,-40,0,0
338.226,-40,0,0
433.72,-40,0,0
526.899,-40,0,0
90.5327,-40,0,0
40.261,-40,0,0
340.003,-40,0,0
83.9577,-40,0,0
104.453,-40,0,0
87.0907,-40,0,0
517.267,-40,0,0
222.852,-40,0,0
305.59,-40,0,0
225.759,-40,0,0
210.682,-40,0,0
31.0422,-40,0,0
111.074,-40,0,0
77.457,-40,0,0
123.857,-40,0,0
92.6649,-40,0,0
92.5077,-40,0,0
374.86,-40,0,0
110.853,-40,0,0
63.3203,-40,0,0
84.6729,-40,0,0
152.619,-40,0,0
217.079,-40,0,0
102.605,-40,0,0
110.605,-40,0,0
395.882,-40,0,0
83.8211,-40,0,0
82.6319,-40,0,0
414.042,-40,0,0
75.2855,-40,0,0
83.1896,-40,0,0
391.263,-40,0,0
120.922,-40,0,0
107.591,-40,0,0
209.7,-40,0,0
108.516,-40,0,0
735.395,-40,0,0
306.879,-40,0,0
148.846,-40,0,0
174.895,-40,0,0
281.103,-40,0,0
169.567,-40,0,0
138.77,-40,0,0
125.029,-40,0,0
244.381,-40,0,0
91.2021,-40,0,0
69.5264,-40,0,0
87.8831,-40,0,0
98.0599,-40,0,0
76.3256,-40,0,0
97.4001,-40,0,0
110.693,-40,0,0
289.681,-40,0,0
136.265,-40,0,0
196.744,-40,0,0
154.843,-40,0,0
234.915,-40,0,0
134.94,-40,0,0
131.286,-40,0,0
169.573,-40,0,0
199.055,-40,0,0
342.008,-40,0,0
12.2432,-40,0,0
87.3659,-40,0,0
126.583,-40,0,0
193.977,-40,0,0
286.317,-40,0,0
124.073,-40,0,0
83.9446,-40,0,0
128.097,-40,0,0
167.64,-40,0,0
351.822,-40,0,0
447.694,-40,0,0
95.1515,-40,0,0
66.1133,-40,0,0
157.456,-40,0,0
79.3331,-40,0,0
248.124,-40,0,0
88.6047,-40,0,0
356.865,-40,0,0
97.3257,-40,0,0
74.9869,-40,0,0
84.2538,-40,0,0
47.6206,-40,0,0
466.57,-40,0,0
235.542,-40,0,0
304.685,-40,0,0
124.375,-40,0,0
84.009,-40,0,0
247.987,-40,0,0
361.786,-40,0,0
562.035,-40,0,0
85.1776,-40,0,0
97.6895,-40,0,0
279.308,-40,0,0
137.611,-40,0,0
245.861,-40,0,0
110.078,-40,0,0
102.547,-40,0,0
110.843,-40,0,0
185.742,-40,0,0
74.7401,-40,0,0
292.056,-40,0,0
225.745,-40,0,0
98.2843,-40,0,0
142.19,-40,0,0
103.699,-40,0,0
383.86,-40,0,0
88.3976,-40,0,0
153.031,-40,0,0
130.97,-40,0,0
97.1664,-40,0,0
170.883,-40,0,0
155.959,-40,0,0
110.037,-40,0,0
67.8826,-40,0,0
113.499,-40,0,0
440.122,-40,0,0
127.061,-40,0,0
201.394,-40,0,0
107.106,-40,0,0
108.485,-40,0,0
265.283,-40,0,0
127.916,-40,0,0
97.4032,-40,0,0
392.307,-40,0,0
17.798,-40,0,0
161.173,-40,0,0
109.341,-40,0,0
278.412,-40,0,0
146.798,-40,0,0
86.8764,-40,0,0
174.889,-40,0,0
52.2565,-40,0,0
68.1801,-40,0,0
92.5898,-40,0,0
141.106,-40,0,0
419.141,-40,0,0
150.894,-40,0,0
100.164,-40,0,0
225.243,-40,0,0
121.877,-40,0,0
102.602,-40,0,0
100.265,-40,0,0
91.5459,-40,0,0
198.335,-40,0,0
157.876,-40,0,0
280.963,-40,0,0
140.307,-40,0,0
98.7367,-40,0,0
90.9425,-40,0,0
31.0832,-40,0,0
91.6268,-40,0,0
141.335,-40,0,0
94.3733,-40,0,0
124.153,-40,0,0
173.483,-40,0,0
103.832,-40,0,0
126.221,-40,0,0
114.346,-40,0,0
304.12,-40,0,0
96.8388,-40,0,0
134.891,-40,0,0
154.864,-40,0,0
193.875,-40,0,0
100.74,-40,0,0
165.864,-40,0,0
101.45,-40,0,0
211.981,-40,0,0
174.32,-40,0,0
209.477,-40,0,0
320.858,-40,0,0
657.517,-40,0,0
150.51,-40,0,0
93.5037,-40,0,0
301.565,-40,0,0
131.526,-40,0,0
171.091,-40,0,0
136.857,-40,0,0
308.368,-40,0,0
263.939,-40,0,0
124.083,-40,0,0
167.8,-40,0,0
286.852,-40,0,0
161.518,-40,0,0
103.789,-40,0,0
97.2292,-40,0,0
120.797,-40,0,0
178.261,-40,0,0
106.924,-40,0,0
88.9206,-40,0,0
115.928,-40,0,0
155.904,-40,0,0
91.883,-40,0,0
456.551,-40,0,0
162.333,-40,0,0
104.454,-40,0,0
149.602,-40,0,0
89.826,-40,0,0
94.3607,-40,0,0
230.029,-40,0,0
67.7568,-40,0,0
236.523,-40,0,0
152.507,-40,0,0
289.103,-40,0,0
137.723,-40,0,0
55.5007,-40,0,0
584.971,-40,0,0
179.707,-40,0,0
271.328,-40,0,0
75.3194,-40,0,0
214.047,-40,0,0
144.356,-40,0,0
277.087,-40,0,0
80.6135,-40,0,0
97.6338,-40,0,0
122.404,-40,0,0
83.8582,-40,0,0
142.79,-40,0,0
117.017,-40,0,0
82.908,-40,0,0
128.609,-40,0,0
136.423,-40,0,0
99.8135,-40,0,0
7.98207,-40,0,0
143.323,-40,0,0
305.453,-40,0,0
129.824,-40,0,0
111.45,-40,0,0
83.0867,-40,0,0
85.7151,-40,0,0
117.882,-40,0,0
111.919,-40,0,0
15.3148,-40,0,0
116.966,-40,0,0
87.7764,-40,0,0
250.277,-40,0,0
74.1346,-40,0,0
97.2768,-40,0,0
144.636,-40,0,0
89.6725,-40,0,0
363.641,-40,0,0
249.93,-40,0,0
98.2239,-40,0,0
258.617,-40,0,0
148.386,-40,0,0
112.073,-40,0,0
399.922,-40,0,0
144.355,-40,0,0
97.9659,-40,0,0
102.359,-40,0,0
398.911,-40,0,0
206.521,-40,0,0
101.951,-40,0,0
89.5356,-40,0,0
110.301,-40,0,0
366.296,-40,0,0
216.597,-40,0,0
154.19,-40,0,0
132.225,-40,0,0
376.807,-40,0,0
133.528,-40,0,0
262.685,-40,0,0
161.793,-40,0,0
146.493,-40,0,0
316.65,-40,0,0
165.571,-40,0,0
293.632,-40,0,0
138.589,-40,0,0
178.493,-40,0,0
201.342,-40,0,0
163.895,-40,0,0
14.1246,-40,0,0
93.3351,-40,0,0
229.036,-40,0,0
254.138,-40,0,0
105.303,-40,0,0
156.385,-40,0,0
180.248,-40,0,0
128.717,-40,0,0
247.12,-40,0,0
295.112,-40,0,0
107.764,-40,0,0
198.612,-40,0,0
204.398,-40,0,0
61.983,-40,0,0
203.239,-40,0,0
105.099,-40,0,0
94.3374,-40,0,0
31.2056,-40,0,0
215.2,-40,0,0
25.0966,-40,0,0
85.0518,-40,0,0
149.685,-40,0,0
84.9695,-40,0,0
77.9552,-40,0,0
125.886,-40,0,0
334.109,-40,0,0
112.707,-40,0,0
307.503,-40,0,0
137.742,-40,0,0
108.228,-40,0,0
486.796,-40,0,0
165.056,-40,0,0
164.557,-40,0,0
116.674,-40,0,0
191.033,-40,0,0
152.509,-40,0,0
87.5791,-40,0,0
285.745,-40,0,0
116.956,-40,0,0
214.308,-40,0,0
105.31,-40,0,0
96.0393,-40,0,0
225.027,-40,0,0
100.035,-40,0,0
92.9388,-40,0,0
80.0416,-40,0,0
103.739,-40,0,0
115.808,-40,0,0
259.034,-40,0,0
14.1246,-40,0,0
96.4899,-40,0,0
127.858,-40,0,0
107.724,-40,0,0
327.309,-40,0,0
99.5224,-40,0,0
900.198,-40,0,0
190.427,-40,0,0
3.13835,-40,0,0
107.531,-40,0,0
80.0253,-40,0,0
122.684,-40,0,0
149.868,-40,0,0
140.873,-40,0,0
217.691,-40,0,0
367,-40,0,0
121.358,-40,0,0
77.0631,-40,0,0
347.825,-40,0,0
251.886,-40,0,0
144.295,-40,0,0
283.925,-40,0,0
285.286,-40,0,0
90.0377,-40,0,0
117.247,-40,0,0
218.784,-40,0,0
244.817,-40,0,0
95.4898,-40,0,0
83.924,-40,0,0
97.7833,-40,0,0
98.4026,-40,0,0
134.246,-40,0,0
275.647,-40,0,0
133.63,-40,0,0
113.635,-40,0,0
156.434,-40,0,0
103.07,-40,0,0
122.78,-40,0,0
253.093,-40,0,0
268.313,-40,0,0
87.4294,-40,0,0
133.549,-40,0,0
98.487,-40,0,0
315.388,-40,0,0
175.027,-40,0,0
187.183,-40,0,0
131.844,-40,0,0
88.7215,-40,0,0
80.7528,-40,0,0
238.699,-40,0,0
82.6384,-40,0,0
88.5882,-40,0,0
221.214,-40,0,0
138.547,-40,0,0
32.5188,-40,0,0
274.228,-40,0,0
278.022,-40,0,0
177.486,-40,0,0
433.043,-40,0,0
123.951,-40,0,0
401.71,-40,0,0
72.9188,-40,0,0
223.161,-40,0,0
128.007,-40,0,0
216.549,-40,0,0
89.2136,-40,0,0
222.566,-40,0,0
106.988,-40,0,0
291.723,-40,0,0
149.02,-40,0,0
86.2574,-40,0,0
91.9963,-40,0,0
361.516,-40,0,0
174.622,-40,0,0
100.481,-40,0,0
101.194,-40,0,0
4.86391,-40,0,0
37.096,-40,0,0
87.8146,-40,0,0
44.9997,-40,0,0
569.915,-40,0,0
88.07,-40,0,0
326.741,-40,0,0
141.41,-40,0,0
9.30818,-40,0,0
98.1049,-40,0,0
443.27,-40,0,0
233.331,-40,0,0
42.9751,-40,0,0
236.703,-40,0,0
98.5476,-40,0,0
119.255,-40,0,0
97.1172,-40,0,0
378.605,-40,0,0
108.266,-40,0,0
173.279,-40,0,0
300.82,-40,0,0
331.214,-40,0,0
85.4339,-40,0,0
352.24,-40,0,0
82.2938,-40,0,0
112.012,-40,0,0
97.4337,-40,0,0
77.8137,-40,0,0
79.0667,-40,0,0
86.8748,-40,0,0
101.176,-40,0,0
117.975,-40,0,0
95.9272,-40,0,0
157.191,-40,0,0
343.502,-40,0,0
130.679,-40,0,0
296.503,-40,0,0
147.582,-40,0,0
338.685,-40,0,0
402.263,-40,0,0
116.958,-40,0,0
84.7375,-40,0,0
149.227,-40,0,0
196.594,-40,0,0
413.349,-40,0,0
147.472,-40,0,0
129.34,-40,0,0
125.888,-40,0,0
144.842,-40,0,0
236.644,-40,0,0
142.73,-40,0,0
127.544,-40,0,0
95.7225,-40,0,0
445.172,-40,0,0
280.953,-40,0,0
99.8683,-40,0,0
109.171,-40,0,0
143.3,-40,0,0
124.242,-40,0,0
108.583,-40,0,0
162.447,-40,0,0
463.703,-40,0,0
353.666,-40,0,0
78.5976,-40,0,0
262.86,-40,0,0
701.946,-40,0,0
221.248,-40,0,0
181.554,-40,0,0
98.225,-40,0,0
119.48,-40,0,0
74.7469,-40,0,0
108.527,-40,0,0
95.6408,-40,0,0
240.942,-40,0,0
232.727,-40,0,0
116.632,-40,0,0
118.059,-40,0,0
116.564,-40,0,0
13.4831,-40,0,0
122.383,-40,0,0
248.472,-40,0,0
218.955,-40,0,0
135.62,-40,0,0
239.672,-40,0,0
74.8674,-40,0,0
191.022,-40,0,0
150.06,-40,0,0
257.092,-40,0,0
129.756,-40,0,0
91.8526,-40,0,0
461.655,-40,0,0
91.3904,-40,0,0
319.3,-40,0,0
248.651,-40,0,0
170.336,-40,0,0
155.733,-40,0,0
86.7927,-40,0,0
117.746,-40,0,0
97.9914,-40,0,0
113.813,-40,0,0
738.748,-40,0,0
216.819,-40,0,0
366.629,-40,0,0
142.991,-40,0,0
5.83742,-40,0,0
92.559,-40,0,0
172.919,-40,0,0
125.397,-40,0,0
168.201,-40,0,0
677.876,-40,0,0
105.809,-40,0,0
168.872,-40,0,0
77.6671,-40,0,0
238.293,-40,0,0
101.97,-40,0,0
124.505,-40,0,0
92.3793,-40,0,0
209.171,-40,0,0
362.651,-40,0,0
149.889,-40,0,0
81.839,-40,0,0
130.689,-40,0,0
121.915,-40,0,0
184.058,-40,0,0
98.5385,-40,0,0
91.9297,-40,0,0
264.605,-40,0,0
97.7301,-40,0,0
101.66,-40,0,0
587.757,-40,0,0
92.855,-40,0,0
322.029,-40,0,0
359.157,-40,0,0
176.846,-40,0,0
404.708,-40,0,0
592.05,-40,0,0
95.7004,-40,0,0
325.152,-40,0,0
476.394,-40,0,0
322.352,-40,0,0
168.267,-40,0,0
308.648,-40,0,0
515.888,-40,0,0
195.748,-40,0,0
615.258,-40,0,0
80.0623,-40,0,0
127.309,-40,0,0
122.509,-40,0,0
99.0968,-40,0,0
375.669,-40,0,0
60.5562,-40,0,0
65.5132,-40,0,0
234.301,-40,0,0
52.828,-40,0,0
173.07,-40,0,0
48.9706,-40,0,0
190.67,-40,0,0
123.95,-40,0,0
192.218,-40,0,0
45.8767,-40,0,0
