11429.000
11222.000
11044.000
11258.000
11232.000
11165.000
11140.000
11138.000
11151.000
11259.000
11048.000
11201.000
11127.000
11149.000
11119.000
11206.000
11272.000
11285.000
11000.000
11137.000
11419.000
11126.000
11248.000
11262.000
11361.000
11261.000
11268.000
11148.000
11214.000
11157.000
11203.000
11244.000
11323.000
11106.000
11402.000
11164.000
11226.000
11098.000
11129.000
11318.000
11322.000
11077.000
11241.000
11387.000
11182.000
11376.000
11304.000
11321.000
11217.000
11296.000
11155.000
11118.000
11242.000
11211.000
11282.000
11344.000
11313.000
11245.000
11356.000
11247.000
11150.000
11242.000
11176.000
11270.000
11300.000
11386.000
11191.000
11290.000
11235.000
11285.000
11213.000
11261.000
11346.000
11246.000
11213.000
11223.000
11278.000
11064.000
11230.000
11154.000
11346.000
11308.000
11234.000
11110.000
11146.000
11353.000
11290.000
11446.000
11189.000
11258.000
11210.000
11071.000
11065.000
11534.000
11087.000
11191.000
11358.000
11254.000
11456.000
11155.000
11068.000
11231.000
11189.000
11137.000
11237.000
11158.000
11323.000
11107.000
11117.000
11412.000
11167.000
11409.000
11296.000
11362.000
11162.000
11191.000
11325.000
11222.000
11151.000
11244.000
11067.000
11370.000
11349.000
11162.000
11299.000
11263.000
11283.000
11116.000
11200.000
11193.000
11321.000
11089.000
11301.000
11251.000
11234.000
11119.000
11259.000
11289.000
11180.000
11101.000
11279.000
11085.000
11030.000
10960.000
11040.000
11011.000
11093.000
11121.000
11253.000
11296.000
