38.000
36.000
38.000
51.000
49.000
37.000
34.000
35.000
31.000
45.000
40.000
35.000
39.000
38.000
35.000
39.000
38.000
52.000
42.000
41.000
41.000
35.000
25.000
40.000
41.000
49.000
34.000
41.000
38.000
33.000
36.000
37.000
29.000
40.000
56.000
50.000
44.000
32.000
45.000
29.000
33.000
49.000
39.000
36.000
40.000
37.000
34.000
48.000
28.000
35.000
43.000
43.000
30.000
31.000
36.000
36.000
41.000
36.000
47.000
44.000
53.000
41.000
41.000
34.000
34.000
37.000
41.000
44.000
42.000
34.000
49.000
39.000
36.000
38.000
30.000
30.000
47.000
41.000
43.000
35.000
40.000
40.000
41.000
36.000
33.000
24.000
38.000
38.000
36.000
52.000
45.000
29.000
45.000
47.000
33.000
34.000
35.000
31.000
32.000
49.000
38.000
38.000
28.000
40.000
39.000
52.000
46.000
39.000
51.000
36.000
37.000
51.000
26.000
36.000
44.000
41.000
50.000
45.000
48.000
34.000
50.000
32.000
36.000
34.000
45.000
45.000
31.000
45.000
43.000
56.000
43.000
39.000
39.000
46.000
43.000
37.000
35.000
42.000
50.000
39.000
34.000
30.000
43.000
42.000
34.000
46.000
36.000
34.000
44.000
32.000
