304.000
326.000
327.000
329.000
318.000
311.000
310.000
310.000
319.000
323.000
327.000
331.000
351.000
359.000
347.000
304.000
349.000
325.000
335.000
323.000
355.000
362.000
339.000
338.000
305.000
313.000
330.000
314.000
371.000
309.000
330.000
297.000
343.000
329.000
291.000
321.000
327.000
319.000
318.000
349.000
303.000
305.000
346.000
337.000
321.000
298.000
320.000
328.000
316.000
315.000
358.000
315.000
328.000
349.000
337.000
333.000
347.000
300.000
312.000
316.000
341.000
304.000
336.000
321.000
329.000
344.000
335.000
306.000
325.000
311.000
318.000
325.000
315.000
322.000
333.000
320.000
322.000
331.000
333.000
340.000
335.000
320.000
302.000
323.000
367.000
315.000
302.000
333.000
336.000
321.000
336.000
324.000
351.000
321.000
346.000
339.000
320.000
331.000
352.000
319.000
302.000
321.000
315.000
333.000
321.000
294.000
313.000
307.000
331.000
306.000
320.000
317.000
328.000
328.000
304.000
317.000
299.000
337.000
318.000
308.000
340.000
322.000
339.000
347.000
325.000
319.000
358.000
332.000
321.000
362.000
324.000
299.000
329.000
300.000
344.000
342.000
346.000
334.000
332.000
346.000
321.000
346.000
340.000
331.000
292.000
319.000
327.000
332.000
333.000
356.000
315.000
319.000
330.000
322.000
335.000
337.000
318.000
354.000
345.000
373.000
350.000
341.000
331.000
319.000
300.000
349.000
288.000
337.000
354.000
315.000
320.000
339.000
315.000
332.000
308.000
326.000
329.000
348.000
321.000
309.000
323.000
324.000
362.000
323.000
315.000
333.000
334.000
334.000
330.000
303.000
354.000
323.000
318.000
352.000
309.000
315.000
327.000
315.000
334.000
326.000
360.000
332.000
342.000
317.000
313.000
318.000
348.000
310.000
340.000
305.000
298.000
327.000
341.000
321.000
332.000
338.000
324.000
327.000
323.000
311.000
328.000
372.000
289.000
351.000
340.000
312.000
351.000
347.000
307.000
346.000
330.000
306.000
338.000
320.000
284.000
312.000
331.000
335.000
348.000
318.000
329.000
297.000
330.000
305.000
351.000
316.000
348.000
355.000
314.000
303.000
344.000
339.000
320.000
334.000
331.000
315.000
306.000
341.000
307.000
313.000
337.000
315.000
325.000
303.000
313.000
334.000
284.000
360.000
319.000
355.000
330.000
304.000
313.000
321.000
354.000
323.000
309.000
321.000
350.000
323.000
333.000
324.000
318.000
339.000
304.000
333.000
296.000
319.000
320.000
312.000
339.000
344.000
291.000
330.000
331.000
329.000
324.000
341.000
309.000
308.000
318.000
320.000
338.000
324.000
301.000
294.000
326.000
363.000
326.000
364.000
315.000
319.000
314.000
335.000
300.000
346.000
320.000
306.000
326.000
337.000
336.000
314.000
336.000
362.000
352.000
298.000
348.000
341.000
310.000
300.000
306.000
340.000
322.000
309.000
364.000
317.000
327.000
328.000
327.000
315.000
319.000
325.000
349.000
287.000
366.000
345.000
356.000
315.000
310.000
317.000
335.000
306.000
328.000
322.000
341.000
312.000
348.000
320.000
335.000
328.000
292.000
294.000
307.000
341.000
340.000
338.000
349.000
336.000
315.000
317.000
328.000
336.000
337.000
308.000
361.000
304.000
330.000
309.000
328.000
295.000
328.000
332.000
363.000
337.000
380.000
305.000
337.000
320.000
337.000
317.000
316.000
314.000
314.000
324.000
337.000
342.000
312.000
344.000
329.000
338.000
