168.000
146.000
152.000
134.000
133.000
135.000
124.000
139.000
133.000
121.000
144.000
123.000
144.000
150.000
137.000
157.000
133.000
153.000
136.000
158.000
141.000
153.000
150.000
155.000
138.000
162.000
150.000
143.000
152.000
144.000
144.000
151.000
151.000
128.000
160.000
138.000
160.000
143.000
135.000
159.000
154.000
144.000
166.000
154.000
141.000
136.000
150.000
134.000
142.000
158.000
147.000
161.000
157.000
156.000
140.000
152.000
143.000
153.000
128.000
138.000
165.000
153.000
150.000
135.000
150.000
125.000
151.000
162.000
143.000
172.000
147.000
161.000
132.000
126.000
152.000
146.000
154.000
165.000
154.000
146.000
129.000
160.000
129.000
153.000
158.000
148.000
139.000
135.000
148.000
146.000
138.000
168.000
145.000
147.000
128.000
142.000
155.000
126.000
143.000
157.000
168.000
161.000
166.000
160.000
142.000
169.000
132.000
148.000
153.000
154.000
129.000
141.000
108.000
157.000
154.000
165.000
151.000
183.000
155.000
153.000
159.000
143.000
133.000
144.000
144.000
140.000
139.000
154.000
149.000
150.000
129.000
159.000
134.000
122.000
139.000
160.000
166.000
144.000
143.000
165.000
136.000
145.000
135.000
150.000
141.000
146.000
147.000
147.000
150.000
137.000
150.000
135.000
151.000
150.000
137.000
156.000
153.000
151.000
137.000
155.000
108.000
157.000
150.000
157.000
145.000
158.000
150.000
129.000
141.000
143.000
154.000
129.000
161.000
151.000
151.000
143.000
152.000
158.000
140.000
145.000
148.000
162.000
142.000
160.000
144.000
158.000
138.000
146.000
153.000
163.000
153.000
158.000
136.000
164.000
124.000
130.000
128.000
168.000
167.000
141.000
157.000
136.000
154.000
153.000
128.000
140.000
146.000
145.000
142.000
155.000
162.000
164.000
141.000
144.000
146.000
134.000
152.000
159.000
141.000
152.000
154.000
143.000
148.000
133.000
135.000
126.000
142.000
139.000
132.000
166.000
143.000
159.000
133.000
159.000
159.000
159.000
129.000
131.000
145.000
146.000
124.000
133.000
139.000
134.000
139.000
122.000
146.000
151.000
122.000
161.000
159.000
151.000
148.000
139.000
148.000
140.000
142.000
104.000
133.000
164.000
149.000
139.000
136.000
162.000
138.000
151.000
149.000
153.000
151.000
158.000
137.000
138.000
135.000
135.000
139.000
159.000
139.000
138.000
137.000
142.000
144.000
127.000
135.000
147.000
163.000
151.000
141.000
133.000
129.000
151.000
149.000
145.000
142.000
175.000
149.000
149.000
130.000
144.000
134.000
152.000
124.000
153.000
131.000
149.000
151.000
155.000
137.000
166.000
164.000
158.000
153.000
160.000
136.000
139.000
160.000
162.000
165.000
150.000
150.000
146.000
135.000
162.000
148.000
117.000
106.000
152.000
146.000
146.000
156.000
142.000
120.000
148.000
138.000
144.000
164.000
144.000
162.000
141.000
172.000
143.000
155.000
164.000
154.000
140.000
135.000
135.000
146.000
156.000
130.000
132.000
141.000
168.000
143.000
131.000
160.000
164.000
126.000
146.000
126.000
174.000
130.000
142.000
134.000
156.000
151.000
131.000
159.000
154.000
153.000
160.000
142.000
139.000
133.000
170.000
139.000
145.000
138.000
131.000
136.000
134.000
138.000
163.000
151.000
159.000
159.000
136.000
158.000
156.000
141.000
146.000
132.000
146.000
127.000
119.000
143.000
144.000
161.000
135.000
147.000
164.000
