76.000
87.000
82.000
77.000
95.000
77.000
76.000
80.000
76.000
87.000
72.000
83.000
85.000
93.000
82.000
74.000
73.000
75.000
83.000
88.000
79.000
73.000
76.000
80.000
76.000
96.000
87.000
80.000
94.000
88.000
86.000
92.000
71.000
73.000
82.000
69.000
74.000
73.000
76.000
81.000
80.000
78.000
68.000
92.000
80.000
63.000
79.000
79.000
71.000
89.000
82.000
88.000
88.000
80.000
88.000
77.000
74.000
89.000
89.000
81.000
75.000
79.000
84.000
80.000
79.000
80.000
96.000
80.000
88.000
92.000
71.000
90.000
88.000
79.000
86.000
71.000
81.000
75.000
88.000
89.000
77.000
64.000
85.000
87.000
93.000
87.000
72.000
78.000
102.000
86.000
85.000
72.000
75.000
79.000
72.000
84.000
86.000
90.000
81.000
80.000
77.000
86.000
90.000
65.000
78.000
81.000
75.000
86.000
73.000
84.000
76.000
68.000
76.000
66.000
78.000
75.000
85.000
93.000
85.000
94.000
81.000
67.000
78.000
78.000
97.000
82.000
84.000
91.000
85.000
83.000
82.000
72.000
95.000
72.000
69.000
63.000
81.000
89.000
98.000
77.000
78.000
91.000
87.000
82.000
79.000
83.000
80.000
69.000
78.000
81.000
79.000
90.000
95.000
93.000
81.000
97.000
76.000
66.000
96.000
75.000
75.000
80.000
95.000
76.000
59.000
94.000
77.000
83.000
75.000
71.000
96.000
63.000
78.000
68.000
72.000
80.000
72.000
89.000
92.000
70.000
83.000
87.000
90.000
79.000
74.000
92.000
75.000
81.000
83.000
81.000
82.000
87.000
95.000
99.000
78.000
79.000
73.000
83.000
86.000
96.000
72.000
99.000
87.000
82.000
69.000
67.000
78.000
90.000
74.000
77.000
69.000
76.000
73.000
83.000
77.000
83.000
71.000
90.000
80.000
83.000
100.000
91.000
72.000
81.000
79.000
83.000
82.000
87.000
82.000
73.000
87.000
95.000
66.000
80.000
79.000
82.000
84.000
95.000
87.000
85.000
73.000
104.000
83.000
58.000
94.000
81.000
85.000
85.000
71.000
71.000
99.000
91.000
80.000
83.000
73.000
96.000
79.000
83.000
73.000
97.000
84.000
79.000
75.000
93.000
78.000
88.000
102.000
75.000
93.000
64.000
70.000
79.000
59.000
88.000
77.000
68.000
75.000
80.000
81.000
62.000
93.000
84.000
93.000
74.000
70.000
89.000
70.000
69.000
69.000
88.000
104.000
71.000
102.000
82.000
94.000
64.000
86.000
83.000
68.000
82.000
86.000
87.000
76.000
110.000
74.000
83.000
84.000
84.000
81.000
84.000
77.000
97.000
74.000
75.000
69.000
93.000
89.000
83.000
80.000
77.000
81.000
93.000
91.000
83.000
71.000
77.000
82.000
78.000
72.000
77.000
80.000
77.000
100.000
84.000
78.000
85.000
93.000
64.000
80.000
79.000
73.000
90.000
95.000
82.000
86.000
82.000
78.000
75.000
78.000
87.000
93.000
64.000
84.000
74.000
86.000
94.000
69.000
84.000
77.000
77.000
80.000
91.000
99.000
71.000
92.000
96.000
79.000
81.000
73.000
88.000
87.000
74.000
67.000
90.000
86.000
79.000
83.000
99.000
86.000
82.000
82.000
73.000
81.000
58.000
86.000
81.000
71.000
82.000
85.000
81.000
69.000
75.000
80.000
85.000
92.000
79.000
82.000
68.000
91.000
67.000
