56.000
54.000
47.000
53.000
52.000
44.000
56.000
37.000
45.000
57.000
64.000
49.000
50.000
62.000
45.000
54.000
52.000
69.000
41.000
60.000
50.000
49.000
48.000
64.000
50.000
50.000
50.000
58.000
48.000
46.000
38.000
57.000
53.000
45.000
49.000
58.000
50.000
56.000
46.000
59.000
55.000
51.000
43.000
52.000
52.000
63.000
39.000
61.000
52.000
51.000
39.000
50.000
50.000
52.000
59.000
69.000
59.000
64.000
61.000
46.000
54.000
52.000
50.000
61.000
54.000
53.000
58.000
52.000
52.000
58.000
63.000
51.000
52.000
46.000
50.000
48.000
53.000
46.000
42.000
48.000
39.000
59.000
53.000
66.000
46.000
50.000
53.000
52.000
55.000
57.000
43.000
62.000
56.000
48.000
66.000
48.000
49.000
66.000
40.000
49.000
45.000
61.000
47.000
66.000
52.000
47.000
47.000
51.000
44.000
62.000
57.000
49.000
53.000
42.000
43.000
51.000
57.000
51.000
60.000
60.000
43.000
58.000
57.000
51.000
58.000
52.000
51.000
59.000
47.000
55.000
49.000
53.000
50.000
41.000
47.000
59.000
63.000
65.000
52.000
48.000
30.000
48.000
57.000
58.000
47.000
44.000
55.000
58.000
53.000
61.000
60.000
50.000
49.000
60.000
58.000
52.000
57.000
63.000
47.000
47.000
39.000
69.000
52.000
47.000
54.000
45.000
40.000
41.000
51.000
58.000
41.000
48.000
64.000
54.000
54.000
47.000
61.000
49.000
51.000
46.000
62.000
44.000
52.000
57.000
46.000
58.000
53.000
52.000
44.000
59.000
54.000
49.000
49.000
61.000
56.000
49.000
47.000
60.000
47.000
51.000
64.000
49.000
61.000
50.000
35.000
43.000
47.000
52.000
60.000
43.000
48.000
65.000
47.000
48.000
56.000
47.000
46.000
52.000
47.000
49.000
62.000
55.000
40.000
56.000
47.000
79.000
53.000
61.000
55.000
58.000
54.000
59.000
49.000
48.000
50.000
49.000
40.000
40.000
49.000
55.000
45.000
45.000
45.000
48.000
45.000
45.000
57.000
46.000
50.000
51.000
52.000
55.000
57.000
44.000
60.000
42.000
57.000
50.000
61.000
47.000
51.000
47.000
53.000
60.000
60.000
54.000
59.000
51.000
57.000
53.000
62.000
62.000
58.000
52.000
70.000
60.000
59.000
54.000
53.000
62.000
57.000
65.000
49.000
48.000
54.000
52.000
57.000
43.000
46.000
48.000
52.000
58.000
46.000
41.000
56.000
60.000
62.000
46.000
38.000
40.000
62.000
43.000
61.000
45.000
47.000
47.000
39.000
39.000
60.000
48.000
45.000
49.000
53.000
34.000
38.000
50.000
55.000
54.000
61.000
62.000
55.000
50.000
58.000
57.000
51.000
46.000
34.000
52.000
58.000
47.000
57.000
36.000
50.000
63.000
54.000
56.000
47.000
47.000
58.000
55.000
49.000
51.000
52.000
48.000
44.000
42.000
58.000
44.000
53.000
38.000
52.000
49.000
40.000
42.000
43.000
37.000
49.000
40.000
51.000
44.000
44.000
54.000
47.000
58.000
57.000
62.000
66.000
41.000
52.000
55.000
43.000
57.000
50.000
50.000
53.000
56.000
60.000
43.000
42.000
62.000
68.000
50.000
43.000
52.000
51.000
62.000
50.000
46.000
52.000
49.000
47.000
58.000
56.000
48.000
49.000
58.000
35.000
54.000
49.000
40.000
