31.000
37.000
30.000
32.000
32.000
43.000
34.000
29.000
32.000
43.000
48.000
33.000
44.000
38.000
29.000
44.000
52.000
36.000
33.000
34.000
47.000
30.000
34.000
39.000
39.000
35.000
35.000
33.000
33.000
36.000
37.000
38.000
43.000
25.000
36.000
40.000
32.000
36.000
31.000
37.000
39.000
30.000
29.000
32.000
27.000
37.000
35.000
27.000
30.000
40.000
42.000
29.000
27.000
34.000
43.000
35.000
41.000
30.000
36.000
36.000
25.000
42.000
40.000
38.000
39.000
38.000
22.000
38.000
33.000
37.000
39.000
28.000
34.000
39.000
45.000
47.000
32.000
39.000
38.000
33.000
48.000
42.000
33.000
36.000
50.000
38.000
38.000
37.000
34.000
40.000
31.000
47.000
39.000
27.000
31.000
30.000
42.000
53.000
26.000
37.000
34.000
42.000
33.000
23.000
32.000
41.000
31.000
37.000
40.000
29.000
30.000
42.000
34.000
30.000
47.000
43.000
42.000
33.000
46.000
27.000
32.000
35.000
39.000
31.000
32.000
40.000
36.000
30.000
42.000
40.000
37.000
40.000
41.000
40.000
37.000
39.000
31.000
35.000
34.000
32.000
39.000
31.000
32.000
34.000
26.000
29.000
29.000
34.000
34.000
43.000
35.000
41.000
38.000
29.000
43.000
40.000
37.000
39.000
33.000
43.000
32.000
36.000
27.000
35.000
38.000
27.000
34.000
32.000
29.000
30.000
50.000
28.000
39.000
42.000
37.000
35.000
27.000
33.000
31.000
34.000
29.000
42.000
28.000
44.000
35.000
27.000
41.000
28.000
39.000
24.000
42.000
33.000
51.000
38.000
35.000
28.000
32.000
33.000
33.000
34.000
53.000
38.000
35.000
32.000
36.000
33.000
26.000
31.000
40.000
30.000
40.000
31.000
30.000
32.000
34.000
25.000
31.000
32.000
34.000
32.000
36.000
26.000
48.000
42.000
35.000
44.000
25.000
32.000
39.000
35.000
35.000
30.000
31.000
33.000
36.000
51.000
37.000
40.000
33.000
34.000
33.000
40.000
39.000
30.000
33.000
36.000
33.000
26.000
38.000
36.000
34.000
42.000
33.000
42.000
48.000
32.000
31.000
35.000
33.000
47.000
39.000
41.000
35.000
36.000
35.000
36.000
31.000
29.000
32.000
45.000
36.000
36.000
26.000
31.000
27.000
28.000
34.000
39.000
35.000
36.000
37.000
30.000
29.000
27.000
42.000
28.000
36.000
25.000
38.000
46.000
35.000
36.000
33.000
25.000
33.000
36.000
37.000
36.000
36.000
35.000
41.000
31.000
37.000
38.000
35.000
34.000
38.000
35.000
32.000
36.000
39.000
33.000
42.000
37.000
33.000
30.000
30.000
32.000
30.000
26.000
37.000
37.000
29.000
34.000
30.000
23.000
38.000
40.000
47.000
38.000
36.000
31.000
36.000
40.000
36.000
38.000
32.000
30.000
31.000
26.000
27.000
33.000
38.000
33.000
43.000
38.000
41.000
44.000
35.000
32.000
