30.000
21.000
26.000
27.000
28.000
30.000
19.000
18.000
28.000
21.000
23.000
29.000
22.000
21.000
23.000
23.000
32.000
23.000
22.000
26.000
19.000
19.000
21.000
21.000
19.000
24.000
16.000
27.000
24.000
19.000
30.000
17.000
29.000
26.000
27.000
30.000
17.000
18.000
29.000
27.000
22.000
29.000
22.000
19.000
26.000
28.000
20.000
24.000
23.000
23.000
23.000
30.000
22.000
21.000
31.000
22.000
28.000
23.000
28.000
18.000
22.000
30.000
16.000
25.000
15.000
24.000
17.000
22.000
27.000
28.000
20.000
17.000
28.000
20.000
27.000
25.000
18.000
24.000
28.000
25.000
16.000
22.000
34.000
27.000
29.000
21.000
23.000
24.000
22.000
15.000
31.000
19.000
21.000
22.000
22.000
30.000
20.000
23.000
29.000
26.000
23.000
29.000
25.000
30.000
26.000
26.000
26.000
21.000
21.000
19.000
29.000
24.000
28.000
34.000
22.000
26.000
35.000
17.000
32.000
27.000
16.000
27.000
21.000
21.000
29.000
21.000
37.000
25.000
30.000
15.000
26.000
17.000
22.000
31.000
34.000
24.000
25.000
27.000
22.000
27.000
27.000
25.000
25.000
23.000
23.000
22.000
20.000
23.000
30.000
19.000
26.000
27.000
26.000
23.000
20.000
19.000
28.000
25.000
29.000
29.000
34.000
30.000
28.000
25.000
18.000
27.000
23.000
30.000
18.000
28.000
16.000
15.000
20.000
22.000
31.000
21.000
32.000
34.000
32.000
25.000
22.000
22.000
20.000
20.000
22.000
39.000
34.000
22.000
26.000
23.000
19.000
26.000
18.000
23.000
26.000
21.000
23.000
25.000
28.000
28.000
34.000
35.000
20.000
20.000
21.000
31.000
18.000
24.000
29.000
20.000
26.000
22.000
25.000
20.000
25.000
26.000
27.000
28.000
26.000
29.000
29.000
24.000
28.000
25.000
29.000
30.000
40.000
39.000
39.000
34.000
22.000
23.000
26.000
21.000
20.000
28.000
26.000
27.000
26.000
25.000
33.000
25.000
24.000
33.000
25.000
27.000
18.000
27.000
21.000
25.000
22.000
31.000
29.000
24.000
23.000
28.000
15.000
23.000
22.000
18.000
30.000
23.000
30.000
33.000
27.000
20.000
26.000
28.000
29.000
32.000
12.000
17.000
18.000
24.000
20.000
23.000
28.000
23.000
17.000
18.000
23.000
26.000
39.000
38.000
23.000
27.000
21.000
25.000
15.000
22.000
15.000
19.000
34.000
23.000
37.000
23.000
23.000
25.000
26.000
29.000
