14.000
20.000
25.000
19.000
23.000
15.000
19.000
19.000
21.000
22.000
16.000
20.000
21.000
17.000
17.000
15.000
20.000
21.000
17.000
17.000
10.000
15.000
19.000
14.000
18.000
22.000
23.000
21.000
23.000
11.000
20.000
17.000
26.000
20.000
17.000
15.000
16.000
17.000
17.000
26.000
19.000
21.000
15.000
14.000
23.000
24.000
14.000
16.000
18.000
17.000
19.000
10.000
15.000
10.000
16.000
25.000
15.000
16.000
30.000
21.000
16.000
15.000
22.000
17.000
13.000
12.000
23.000
22.000
21.000
16.000
19.000
23.000
21.000
22.000
18.000
27.000
28.000
22.000
30.000
18.000
16.000
16.000
14.000
20.000
15.000
13.000
21.000
19.000
22.000
12.000
19.000
14.000
19.000
16.000
15.000
22.000
19.000
20.000
19.000
15.000
21.000
17.000
15.000
24.000
25.000
19.000
26.000
21.000
18.000
16.000
22.000
14.000
19.000
15.000
19.000
19.000
19.000
18.000
22.000
26.000
23.000
12.000
17.000
18.000
19.000
26.000
14.000
20.000
21.000
14.000
26.000
18.000
15.000
23.000
21.000
17.000
19.000
10.000
20.000
17.000
25.000
22.000
17.000
29.000
19.000
15.000
19.000
15.000
22.000
15.000
24.000
22.000
33.000
19.000
17.000
23.000
15.000
15.000
17.000
19.000
14.000
14.000
24.000
17.000
20.000
21.000
26.000
16.000
16.000
17.000
20.000
20.000
15.000
24.000
19.000
16.000
24.000
13.000
29.000
12.000
19.000
13.000
15.000
17.000
25.000
12.000
19.000
19.000
24.000
12.000
20.000
17.000
18.000
10.000
22.000
19.000
22.000
19.000
13.000
20.000
22.000
16.000
18.000
23.000
13.000
19.000
24.000
24.000
18.000
25.000
16.000
23.000
24.000
11.000
14.000
23.000
18.000
20.000
17.000
23.000
20.000
15.000
18.000
15.000
22.000
12.000
22.000
20.000
18.000
16.000
16.000
17.000
18.000
20.000
22.000
16.000
21.000
19.000
20.000
21.000
12.000
21.000
12.000
15.000
27.000
17.000
14.000
19.000
23.000
12.000
15.000
17.000
22.000
18.000
24.000
16.000
19.000
24.000
25.000
14.000
19.000
20.000
21.000
15.000
23.000
21.000
17.000
22.000
12.000
25.000
19.000
18.000
13.000
12.000
14.000
20.000
22.000
16.000
14.000
19.000
12.000
22.000
19.000
24.000
10.000
26.000
19.000
18.000
20.000
25.000
26.000
18.000
24.000
19.000
22.000
15.000
17.000
17.000
22.000
16.000
15.000
11.000
17.000
15.000
12.000
18.000
21.000
13.000
12.000
15.000
18.000
16.000
14.000
15.000
12.000
16.000
8.000
11.000
13.000
21.000
21.000
9.000
18.000
13.000
17.000
18.000
11.000
10.000
13.000
18.000
14.000
16.000
14.000
14.000
18.000
20.000
12.000
10.000
13.000
10.000
19.000
9.000
16.000
9.000
13.000
16.000
15.000
22.000
11.000
13.000
15.000
13.000
12.000
12.000
11.000
16.000
14.000
16.000
18.000
14.000
13.000
18.000
14.000
18.000
11.000
14.000
11.000
9.000
17.000
13.000
16.000
11.000
10.000
12.000
15.000
11.000
15.000
12.000
14.000
17.000
13.000
21.000
14.000
10.000
14.000
19.000
8.000
14.000
16.000
16.000
12.000
12.000
12.000
11.000
14.000
15.000
13.000
11.000
19.000
12.000
17.000
17.000
16.000
18.000
10.000
15.000
15.000
15.000
13.000
18.000
13.000
9.000
18.000
12.000
17.000
18.000
12.000
9.000
10.000
8.000
13.000
19.000
16.000
9.000
16.000
18.000
12.000
15.000
12.000
19.000
14.000
16.000
11.000
20.000
16.000
14.000
18.000
13.000
16.000
13.000
14.000
17.000
10.000
11.000
16.000
13.000
14.000
13.000
15.000
10.000
19.000
16.000
20.000
11.000
24.000
22.000
25.000
15.000
10.000
17.000
7.000
18.000
7.000
19.000
14.000
15.000
15.000
24.000
16.000
10.000
11.000
17.000
17.000
12.000
20.000
17.000
14.000
19.000
13.000
13.000
19.000
13.000
15.000
12.000
15.000
11.000
9.000
12.000
14.000
15.000
15.000
10.000
14.000
13.000
15.000
7.000
16.000
18.000
19.000
12.000
16.000
13.000
18.000
18.000
16.000
15.000
15.000
15.000
11.000
11.000
9.000
14.000
11.000
12.000
14.000
13.000
17.000
11.000
14.000
14.000
10.000
15.000
11.000
13.000
16.000
16.000
16.000
13.000
22.000
15.000
11.000
16.000
6.000
13.000
18.000
9.000
13.000
11.000
13.000
15.000
14.000
19.000
16.000
11.000
19.000
17.000
23.000
15.000
14.000
17.000
15.000
22.000
16.000
10.000
17.000
16.000
10.000
18.000
11.000
15.000
15.000
13.000
15.000
13.000
13.000
16.000
11.000
15.000
12.000
18.000
18.000
16.000
14.000
12.000
15.000
14.000
13.000
16.000
9.000
14.000
18.000
12.000
15.000
11.000
17.000
18.000
11.000
11.000
17.000
12.000
13.000
21.000
10.000
13.000
9.000
14.000
11.000
14.000
15.000
21.000
12.000
11.000
19.000
17.000
11.000
9.000
13.000
28.000
14.000
12.000
15.000
26.000
13.000
17.000
10.000
11.000
11.000
19.000
14.000
16.000
12.000
12.000
15.000
9.000
18.000
14.000
13.000
11.000
10.000
10.000
14.000
12.000
16.000
8.000
11.000
19.000
10.000
14.000
16.000
21.000
13.000
15.000
18.000
13.000
16.000
19.000
13.000
9.000
15.000
19.000
16.000
13.000
18.000
11.000
14.000
13.000
13.000
12.000
15.000
23.000
14.000
15.000
11.000
14.000
7.000
16.000
17.000
13.000
15.000
17.000
20.000
15.000
14.000
11.000
17.000
18.000
22.000
13.000
3.000
10.000
17.000
19.000
21.000
19.000
15.000
15.000
12.000
13.000
21.000
12.000
19.000
11.000
25.000
19.000
16.000
15.000
22.000
12.000
18.000
15.000
17.000
12.000
10.000
15.000
13.000
12.000
16.000
15.000
18.000
14.000
13.000
17.000
10.000
13.000
16.000
11.000
12.000
15.000
17.000
20.000
19.000
20.000
22.000
15.000
16.000
14.000
18.000
14.000
8.000
18.000
16.000
11.000
14.000
17.000
13.000
19.000
12.000
20.000
18.000
18.000
16.000
22.000
8.000
20.000
16.000
11.000
20.000
17.000
6.000
15.000
14.000
13.000
16.000
20.000
10.000
15.000
15.000
11.000
24.000
13.000
10.000
18.000
11.000
18.000
18.000
7.000
11.000
14.000
17.000
12.000
11.000
16.000
15.000
14.000
13.000
21.000
10.000
7.000
18.000
19.000
18.000
14.000
9.000
18.000
10.000
24.000
15.000
17.000
15.000
16.000
11.000
17.000
17.000
19.000
9.000
16.000
14.000
12.000
15.000
13.000