23.000
10.000
18.000
11.000
22.000
14.000
15.000
20.000
22.000
21.000
8.000
15.000
18.000
9.000
22.000
17.000
18.000
8.000
13.000
15.000
22.000
10.000
16.000
16.000
8.000
10.000
23.000
19.000
26.000
17.000
18.000
15.000
17.000
12.000
10.000
7.000
16.000
22.000
12.000
17.000
10.000
11.000
19.000
17.000
14.000
15.000
7.000
12.000
13.000
14.000
17.000
14.000
24.000
20.000
20.000
15.000
13.000
16.000
23.000
23.000
18.000
11.000
14.000
12.000
26.000
22.000
17.000
9.000
19.000
18.000
14.000
19.000
13.000
13.000
19.000
13.000
20.000
13.000
9.000
19.000
17.000
17.000
11.000
21.000
16.000
22.000
12.000
15.000
13.000
23.000
6.000
13.000
10.000
20.000
23.000
15.000
14.000
18.000
13.000
16.000
23.000
22.000
15.000
23.000
18.000
10.000
19.000
19.000
18.000
18.000
15.000
23.000
23.000
12.000
16.000
19.000
11.000
11.000
15.000
14.000
14.000
7.000
12.000
11.000
18.000
20.000
23.000
11.000
13.000
16.000
16.000
16.000
18.000
14.000
12.000
11.000
19.000
22.000
10.000
12.000
25.000
11.000
20.000
25.000
13.000
11.000
15.000
17.000
24.000
16.000
16.000
19.000
15.000
15.000
24.000
14.000
16.000
21.000
15.000
20.000
17.000
15.000
14.000
20.000
17.000
18.000
16.000
13.000
14.000
12.000
13.000
24.000
18.000
14.000
23.000
16.000
12.000
16.000
18.000
21.000
19.000
11.000
15.000
21.000
16.000
21.000
12.000
14.000
17.000
15.000
13.000
25.000
12.000
12.000
15.000
19.000
16.000
20.000
12.000
19.000
23.000
15.000
16.000
11.000
12.000
23.000
15.000
13.000
17.000
23.000
22.000
24.000
18.000
20.000
19.000
18.000
15.000
15.000
14.000
17.000
14.000
13.000
10.000
18.000
15.000
9.000
23.000
19.000
9.000
14.000
16.000
24.000
17.000
11.000
13.000
16.000
24.000
26.000
23.000
25.000
17.000
18.000
21.000
22.000
8.000
12.000
13.000
17.000
19.000
17.000
24.000
11.000
15.000
15.000
12.000
20.000
18.000
15.000
10.000
15.000
13.000
11.000
19.000
14.000
16.000
13.000
21.000
15.000
15.000
19.000
20.000
26.000
20.000
12.000
16.000
21.000
14.000
15.000
15.000
18.000
20.000
21.000
13.000
14.000
12.000
15.000
18.000
11.000
17.000
20.000
15.000
9.000
10.000
24.000
18.000
17.000
20.000
17.000
18.000
15.000
