10459.000
10594.000
10515.000
10435.000
10552.000
10263.000
10473.000
10417.000
10466.000
10654.000
10349.000
10790.000
10371.000
10508.000
10557.000
10661.000
10495.000
10375.000
10401.000
10521.000
10462.000
10508.000
10505.000
10402.000
10436.000
10521.000
10521.000
10491.000
10339.000
10492.000
10497.000
10464.000
10619.000
10495.000
10342.000
10491.000
10373.000
10471.000
10454.000
10556.000
10429.000
10673.000
10456.000
10617.000
10541.000
10453.000
10748.000
10316.000
10473.000
10485.000
10700.000
10506.000
10509.000
10618.000
10429.000
10378.000
10520.000
10478.000
10486.000
10554.000
10462.000
10618.000
10445.000
10394.000
10512.000
10485.000
10639.000
10488.000
10550.000
10582.000
10470.000
10577.000
10480.000
10412.000
10428.000
10470.000
10540.000
10502.000
10451.000
10410.000
10365.000
10532.000
10584.000
10387.000
10537.000
10353.000
10577.000
10490.000
10610.000
10503.000
10598.000
10433.000
10540.000
10514.000
10612.000
10494.000
10463.000
10615.000
10325.000
10438.000
10389.000
10522.000
10335.000
10374.000
10521.000
10459.000
10520.000
10461.000
10277.000
10450.000
10427.000
10394.000
10622.000
10635.000
10538.000
10698.000
10594.000
10420.000
10536.000
10485.000
10490.000
10468.000
10338.000
10598.000
10506.000
10450.000
10542.000
10454.000
10418.000
10444.000
10455.000
10555.000
10439.000
10362.000
10354.000
10515.000
10460.000
10542.000
10603.000
10497.000
10548.000
10475.000
10529.000
10521.000
10323.000
10458.000
10375.000
10245.000
10543.000
10507.000
