6278.000
6205.000
6204.000
6279.000
6374.000
6189.000
6118.000
6162.000
6075.000
6262.000
6192.000
6254.000
6018.000
6154.000
6162.000
6300.000
6222.000
6306.000
6278.000
6273.000
6291.000
6178.000
6275.000
6216.000
6239.000
6095.000
6207.000
6212.000
6281.000
6261.000
6233.000
6129.000
6151.000
6169.000
6173.000
6183.000
6278.000
6132.000
6252.000
6155.000
6214.000
6205.000
6214.000
6185.000
6262.000
6331.000
6280.000
6231.000
6085.000
6146.000
6118.000
6256.000
6312.000
6257.000
6287.000
6209.000
6233.000
6171.000
6080.000
6239.000
6151.000
6123.000
6215.000
6201.000
6132.000
6298.000
6187.000
6055.000
6329.000
6144.000
6334.000
6205.000
6179.000
6126.000
6164.000
6170.000
6227.000
6128.000
6136.000
5994.000
6187.000
6266.000
6186.000
6090.000
6118.000
6178.000
6159.000
6271.000
6310.000
6118.000
6080.000
6123.000
6171.000
6160.000
6307.000
6170.000
6136.000
6254.000
6326.000
6228.000
6146.000
6157.000
6066.000
6299.000
6145.000
6214.000
6067.000
6249.000
6255.000
6220.000
6139.000
6274.000
6105.000
6218.000
6230.000
6175.000
6104.000
6288.000
6093.000
6177.000
6185.000
6139.000
6178.000
6323.000
6160.000
6130.000
6240.000
6195.000
6226.000
6122.000
6223.000
6202.000
6162.000
6151.000
6164.000
6187.000
6102.000
6157.000
6051.000
6311.000
6067.000
6253.000
6297.000
6113.000
6239.000
6131.000
6261.000
6226.000
6226.000
6269.000
