3513.000
3457.000
3480.000
3574.000
3471.000
3501.000
3557.000
3364.000
3470.000
3456.000
3476.000
3495.000
3506.000
3485.000
3568.000
3521.000
3466.000
3455.000
3494.000
3509.000
3485.000
3469.000
3506.000
3484.000
3573.000
3444.000
3500.000
3483.000
3460.000
3470.000
3463.000
3475.000
3555.000
3456.000
3533.000
3520.000
3467.000
3439.000
3507.000
3435.000
3470.000
3531.000
3469.000
3487.000
3472.000
3457.000
3420.000
3423.000
3455.000
3356.000
3488.000
3438.000
3449.000
3523.000
3499.000
3454.000
3509.000
3546.000
3484.000
3521.000
3513.000
3598.000
3519.000
3532.000
3469.000
3494.000
3440.000
3497.000
3516.000
3497.000
3495.000
3509.000
3396.000
3462.000
3488.000
3450.000
3390.000
3531.000
3467.000
3516.000
3361.000
3498.000
3543.000
3529.000
3634.000
3469.000
3469.000
3558.000
3491.000
3441.000
3607.000
3523.000
3457.000
3463.000
3595.000
3511.000
3513.000
3476.000
3531.000
3580.000
3607.000
3478.000
3498.000
3488.000
3455.000
3408.000
3568.000
3410.000
3453.000
3464.000
3547.000
3516.000
3561.000
3547.000
3527.000
3591.000
3508.000
3526.000
3424.000
3342.000
3435.000
3423.000
3441.000
3529.000
3391.000
3471.000
3556.000
3515.000
3491.000
3586.000
3422.000
3492.000
3576.000
3508.000
3508.000
3502.000
3413.000
3484.000
3499.000
3416.000
3478.000
3488.000
3437.000
3381.000
3512.000
3474.000
3461.000
3459.000
3424.000
3509.000
