1600.000
1597.000
1669.000
1667.000
1699.000
1621.000
1631.000
1555.000
1645.000
1675.000
1641.000
1628.000
1673.000
1702.000
1632.000
1625.000
1560.000
1586.000
1569.000
1672.000
1663.000
1592.000
1697.000
1617.000
1615.000
1649.000
1616.000
1625.000
1602.000
1638.000
1626.000
1624.000
1673.000
1616.000
1705.000
1660.000
1620.000
1638.000
1618.000
1592.000
1552.000
1717.000
1672.000
1640.000
1655.000
1680.000
1662.000
1618.000
1623.000
1671.000
1600.000
1580.000
1717.000
1617.000
1648.000
1607.000
1666.000
1621.000
1654.000
1683.000
1687.000
1717.000
1656.000
1676.000
1687.000
1657.000
1585.000
1632.000
1588.000
1638.000
1638.000
1635.000
1674.000
1708.000
1627.000
1686.000
1652.000
1625.000
1652.000
1638.000
1640.000
1665.000
1719.000
1568.000
1629.000
1605.000
1643.000
1698.000
1610.000
1654.000
1666.000
1698.000
1609.000
1591.000
1665.000
1658.000
1663.000
1662.000
1654.000
1629.000
1532.000
1627.000
1620.000
1622.000
1664.000
1639.000
1748.000
1613.000
1693.000
1634.000
1629.000
1697.000
1582.000
1692.000
1623.000
1630.000
1642.000
1602.000
1681.000
1659.000
1687.000
1642.000
1693.000
1689.000
1668.000
1573.000
1595.000
1650.000
1633.000
1641.000
1651.000
1735.000
1608.000
1601.000
1637.000
1667.000
1634.000
1618.000
1682.000
1600.000
1675.000
1634.000
1596.000
1678.000
1621.000
1584.000
1620.000
1654.000
1659.000
1625.000
