839.000
819.000
803.000
824.000
812.000
804.000
872.000
885.000
855.000
846.000
896.000
828.000
817.000
872.000
911.000
878.000
856.000
834.000
844.000
880.000
833.000
809.000
786.000
852.000
862.000
840.000
855.000
853.000
837.000
821.000
879.000
893.000
850.000
842.000
893.000
826.000
871.000
909.000
849.000
861.000
864.000
790.000
887.000
857.000
800.000
815.000
869.000
934.000
839.000
868.000
830.000
893.000
900.000
807.000
802.000
826.000
847.000
810.000
844.000
877.000
854.000
830.000
862.000
913.000
859.000
811.000
854.000
867.000
845.000
865.000
761.000
808.000
874.000
857.000
953.000
836.000
859.000
821.000
866.000
873.000
806.000
845.000
793.000
902.000
857.000
899.000
855.000
898.000
899.000
871.000
861.000
820.000
821.000
912.000
818.000
835.000
839.000
807.000
870.000
851.000
860.000
803.000
856.000
842.000
865.000
832.000
844.000
828.000
797.000
855.000
856.000
845.000
796.000
896.000
933.000
839.000
860.000
888.000
827.000
878.000
850.000
884.000
836.000
822.000
882.000
793.000
860.000
845.000
909.000
901.000
834.000
832.000
838.000
838.000
847.000
874.000
880.000
790.000
884.000
852.000
871.000
820.000
862.000
833.000
869.000
835.000
858.000
804.000
843.000
865.000
