437.000
473.000
417.000
451.000
447.000
405.000
483.000
416.000
465.000
431.000
408.000
470.000
375.000
426.000
465.000
448.000
435.000
435.000
456.000
412.000
467.000
429.000
458.000
427.000
436.000
425.000
464.000
460.000
445.000
458.000
416.000
472.000
457.000
420.000
406.000
427.000
405.000
418.000
468.000
446.000
453.000
473.000
386.000
418.000
405.000
389.000
433.000
400.000
435.000
414.000
458.000
449.000
439.000
460.000
404.000
443.000
472.000
433.000
456.000
449.000
444.000
424.000
391.000
440.000
456.000
492.000
430.000
444.000
450.000
386.000
445.000
455.000
453.000
451.000
423.000
481.000
468.000
450.000
463.000
459.000
429.000
420.000
413.000
454.000
434.000
444.000
416.000
452.000
438.000
455.000
423.000
459.000
439.000
459.000
437.000
446.000
446.000
441.000
499.000
458.000
444.000
450.000
424.000
453.000
471.000
440.000
433.000
430.000
457.000
456.000
468.000
424.000
409.000
453.000
426.000
438.000
457.000
453.000
452.000
440.000
434.000
442.000
417.000
427.000
421.000
418.000
444.000
434.000
431.000
468.000
414.000
431.000
466.000
394.000
447.000
443.000
423.000
444.000
451.000
423.000
387.000
415.000
440.000
446.000
447.000
449.000
468.000
433.000
427.000
438.000
