198.000
195.000
204.000
195.000
203.000
231.000
211.000
176.000
184.000
190.000
226.000
199.000
221.000
198.000
245.000
218.000
193.000
218.000
184.000
201.000
216.000
199.000
186.000
210.000
194.000
198.000
196.000
178.000
203.000
204.000
209.000
228.000
231.000
175.000
197.000
190.000
200.000
198.000
205.000
206.000
207.000
231.000
225.000
165.000
224.000
228.000
212.000
215.000
235.000
208.000
217.000
208.000
229.000
209.000
187.000
181.000
205.000
184.000
199.000
192.000
179.000
185.000
197.000
187.000
217.000
203.000
213.000
224.000
202.000
202.000
235.000
173.000
204.000
237.000
232.000
188.000
210.000
217.000
228.000
225.000
211.000
190.000
177.000
181.000
190.000
218.000
214.000
207.000
192.000
199.000
177.000
214.000
180.000
189.000
214.000
211.000
187.000
206.000
208.000
203.000
176.000
189.000
218.000
208.000
211.000
197.000
224.000
192.000
194.000
199.000
186.000
210.000
216.000
220.000
180.000
214.000
180.000
234.000
215.000
180.000
188.000
213.000
206.000
215.000
208.000
182.000
195.000
175.000
205.000
186.000
221.000
221.000
174.000
240.000
209.000
174.000
229.000
213.000
217.000
203.000
201.000
215.000
222.000
189.000
190.000
225.000
180.000
204.000
176.000
198.000
