56.000
104.000
84.000
93.000
91.000
93.000
86.000
90.000
89.000
73.000
96.000
84.000
90.000
89.000
108.000
86.000
93.000
100.000
72.000
98.000
100.000
95.000
82.000
100.000
87.000
80.000
102.000
82.000
89.000
62.000
81.000
77.000
86.000
96.000
85.000
87.000
106.000
83.000
81.000
77.000
85.000
87.000
73.000
98.000
100.000
85.000
88.000
73.000
82.000
86.000
78.000
95.000
95.000
87.000
100.000
98.000
73.000
84.000
80.000
87.000
88.000
94.000
98.000
78.000
104.000
89.000
72.000
94.000
95.000
96.000
99.000
76.000
87.000
80.000
96.000
83.000
82.000
87.000
87.000
76.000
85.000
78.000
92.000
99.000
99.000
82.000
90.000
91.000
90.000
90.000
78.000
84.000
111.000
71.000
102.000
78.000
87.000
95.000
91.000
94.000
97.000
100.000
81.000
89.000
70.000
76.000
84.000
96.000
80.000
88.000
92.000
85.000
90.000
89.000
79.000
96.000
84.000
93.000
84.000
77.000
90.000
81.000
100.000
87.000
82.000
90.000
77.000
106.000
80.000
73.000
82.000
86.000
82.000
94.000
103.000
112.000
88.000
89.000
94.000
79.000
93.000
80.000
87.000
72.000
84.000
114.000
84.000
83.000
84.000
80.000
