38.000
31.000
32.000
32.000
39.000
51.000
44.000
34.000
46.000
26.000
35.000
42.000
30.000
30.000
37.000
45.000
38.000
40.000
44.000
32.000
35.000
41.000
38.000
30.000
38.000
24.000
36.000
30.000
35.000
41.000
39.000
42.000
48.000
35.000
46.000
29.000
34.000
39.000
48.000
32.000
41.000
31.000
31.000
40.000
39.000
35.000
29.000
40.000
30.000
32.000
35.000
36.000
28.000
33.000
25.000
27.000
27.000
31.000
46.000
34.000
30.000
31.000
39.000
36.000
44.000
31.000
51.000
38.000
30.000
35.000
38.000
38.000
36.000
32.000
38.000
54.000
45.000
43.000
42.000
43.000
31.000
37.000
41.000
46.000
42.000
35.000
36.000
45.000
47.000
33.000
24.000
34.000
44.000
41.000
45.000
32.000
43.000
34.000
37.000
37.000
46.000
42.000
40.000
30.000
28.000
31.000
46.000
42.000
38.000
35.000
30.000
37.000
39.000
37.000
30.000
40.000
38.000
39.000
29.000
39.000
32.000
50.000
36.000
31.000
46.000
40.000
30.000
40.000
31.000
44.000
30.000
45.000
40.000
46.000
47.000
31.000
41.000
29.000
37.000
39.000
41.000
35.000
37.000
29.000
43.000
48.000
27.000
31.000
40.000
37.000
