10.000
7.000
12.000
17.000
12.000
15.000
5.000
10.000
15.000
10.000
10.000
11.000
12.000
9.000
10.000
17.000
3.000
14.000
5.000
10.000
13.000
8.000
8.000
13.000
14.000
10.000
18.000
7.000
10.000
9.000
8.000
10.000
13.000
3.000
9.000
16.000
12.000
10.000
13.000
5.000
5.000
8.000
10.000
12.000
9.000
11.000
8.000
9.000
14.000
8.000
13.000
11.000
9.000
11.000
11.000
8.000
14.000
13.000
14.000
12.000
12.000
7.000
14.000
10.000
8.000
11.000
11.000
8.000
7.000
9.000
11.000
10.000
9.000
14.000
10.000
15.000
12.000
13.000
8.000
6.000
12.000
16.000
11.000
7.000
11.000
8.000
6.000
13.000
8.000
13.000
9.000
10.000
4.000
13.000
15.000
11.000
17.000
14.000
16.000
12.000
6.000
12.000
10.000
6.000
11.000
14.000
15.000
14.000
12.000
17.000
12.000
14.000
11.000
7.000
18.000
7.000
12.000
11.000
8.000
8.000
14.000
9.000
5.000
12.000
4.000
11.000
5.000
8.000
14.000
9.000
7.000
12.000
13.000
14.000
12.000
11.000
10.000
11.000
13.000
9.000
15.000
10.000
10.000
10.000
13.000
7.000
8.000
8.000
14.000
10.000
