8.000
4.000
1.000
8.000
4.000
7.000
5.000
6.000
6.000
7.000
2.000
2.000
4.000
3.000
7.000
6.000
6.000
4.000
4.000
5.000
6.000
6.000
8.000
6.000
7.000
8.000
8.000
6.000
11.000
4.000
9.000
3.000
6.000
8.000
7.000
5.000
7.000
5.000
7.000
6.000
4.000
9.000
7.000
6.000
9.000
4.000
2.000
4.000
5.000
6.000
5.000
10.000
6.000
5.000
2.000
6.000
9.000
4.000
4.000
6.000
8.000
5.000
5.000
6.000
3.000
10.000
4.000
5.000
7.000
5.000
8.000
6.000
6.000
3.000
10.000
7.000
4.000
7.000
9.000
7.000
6.000
6.000
3.000
8.000
6.000
4.000
7.000
4.000
4.000
6.000
6.000
10.000
11.000
6.000
2.000
4.000
1.000
4.000
7.000
7.000
6.000
9.000
7.000
4.000
3.000
3.000
3.000
11.000
7.000
8.000
2.000
4.000
8.000
8.000
8.000
5.000
7.000
4.000
5.000
7.000
3.000
6.000
9.000
3.000
7.000
14.000
8.000
7.000
6.000
8.000
4.000
10.000
7.000
3.000
6.000
7.000
5.000
10.000
7.000
4.000
5.000
11.000
4.000
5.000
11.000
5.000
13.000
5.000
3.000
10.000
