35768.000
35716.000
35692.000
36226.000
35718.000
35728.000
35711.000
36049.000
36054.000
35844.000
36009.000
35665.000
35538.000
35795.000
35562.000
35873.000
35630.000
35894.000
35958.000
35832.000
35776.000
35794.000
36099.000
35888.000
35707.000
35482.000
35602.000
35755.000
35970.000
35740.000
35821.000
35559.000
35722.000
35852.000
35777.000
35496.000
35881.000
35520.000
35742.000
35527.000
35794.000
35614.000
35775.000
35957.000
35729.000
35858.000
35902.000
35724.000
35927.000
35834.000
35844.000
35899.000
35987.000
36116.000
35691.000
35563.000
35883.000
35952.000
35890.000
35881.000
35875.000
35770.000
35910.000
35532.000
35626.000
35882.000
35604.000
35860.000
35773.000
35978.000
36101.000
35827.000
36013.000
35771.000
35767.000
35780.000
36245.000
35549.000
35453.000
35682.000
35653.000
35777.000
35734.000
35868.000
35902.000
35718.000
35720.000
35593.000
35649.000
35792.000
35774.000
35678.000
35670.000
36075.000
35573.000
35751.000
35750.000
35832.000
35850.000
35938.000
36014.000
35657.000
36090.000
36054.000
35714.000
35683.000
35650.000
36021.000
36165.000
35726.000
35804.000
35898.000
35996.000
35842.000
35886.000
35932.000
35676.000
36035.000
35844.000
35777.000
35935.000
35758.000
35819.000
35554.000
35816.000
36020.000
35768.000
35803.000
35897.000
35808.000
35847.000
35930.000
35744.000
35649.000
35960.000
35778.000
35929.000
35618.000
35717.000
35960.000
35930.000
35867.000
35869.000
35853.000
36000.000
35658.000
35360.000
36085.000
35951.000
36065.000
35536.000
36025.000
35716.000
35675.000
35479.000
35821.000
35703.000
35718.000
35780.000
35439.000
35547.000
35620.000
35602.000
35745.000
35513.000
36018.000
36006.000
35691.000
35819.000
35879.000
35843.000
35633.000
35687.000
35845.000
35658.000
35558.000
35951.000
35780.000
35851.000
35887.000
35936.000
35528.000
35807.000
35690.000
35597.000
35875.000
35951.000
35928.000
35379.000
35871.000
36081.000
35974.000
35477.000
35798.000
35747.000
35799.000
35520.000
35786.000
35791.000
35531.000
