36165.000
36157.000
35894.000
36107.000
35718.000
35949.000
36100.000
35885.000
36353.000
35809.000
35827.000
35876.000
35814.000
36134.000
35889.000
35938.000
35800.000
35941.000
35761.000
36091.000
35944.000
35970.000
36065.000
36044.000
35984.000
36350.000
35834.000
35616.000
36023.000
35850.000
35604.000
35646.000
35939.000
35988.000
36037.000
35695.000
36151.000
36077.000
35959.000
35838.000
36113.000
36254.000
36074.000
35888.000
36030.000
36141.000
35976.000
35917.000
35965.000
35934.000
35942.000
35926.000
35663.000
36335.000
36148.000
35653.000
35856.000
36253.000
36019.000
35925.000
36081.000
35979.000
35961.000
35884.000
35881.000
35892.000
35937.000
35826.000
35914.000
35946.000
36028.000
35799.000
35871.000
35614.000
35909.000
36099.000
35871.000
35908.000
35823.000
35991.000
35519.000
35949.000
35929.000
36175.000
35961.000
35593.000
35652.000
35851.000
36048.000
36013.000
35475.000
35841.000
35931.000
35881.000
35985.000
35998.000
35802.000
36038.000
35743.000
35849.000
36307.000
35942.000
36144.000
35865.000
35794.000
35922.000
36094.000
36102.000
35750.000
35651.000
35960.000
35759.000
36001.000
36095.000
36057.000
36044.000
35778.000
35960.000
36007.000
35902.000
35976.000
36101.000
35873.000
36157.000
36096.000
35840.000
35564.000
35892.000
36049.000
35864.000
36018.000
35889.000
35815.000
35868.000
36132.000
36033.000
35727.000
35776.000
35886.000
35721.000
36107.000
35844.000
35858.000
35815.000
36226.000
35857.000
35763.000
35833.000
35902.000
35866.000
35902.000
35880.000
35789.000
35614.000
35665.000
36080.000
35879.000
35833.000
35950.000
35792.000
36148.000
35990.000
36002.000
35907.000
35963.000
35842.000
35989.000
35789.000
35889.000
36077.000
36024.000
35560.000
35886.000
36164.000
35624.000
35839.000
36097.000
36072.000
36254.000
36069.000
36191.000
35607.000
35804.000
35910.000
35654.000
35787.000
35908.000
35683.000
35712.000
35869.000
36279.000
35922.000
35939.000
36290.000
35894.000
35878.000
35784.000
35752.000
36142.000
36207.000
