13940.000
13969.000
13913.000
13885.000
13890.000
13954.000
13710.000
13907.000
13875.000
13755.000
13727.000
13911.000
14006.000
13894.000
13956.000
13839.000
13916.000
13785.000
13977.000
13836.000
13865.000
13826.000
13770.000
13723.000
13793.000
13713.000
13706.000
14061.000
13969.000
13900.000
14149.000
13722.000
13621.000
13932.000
13746.000
13640.000
13765.000
13862.000
13772.000
13809.000
13794.000
13937.000
13717.000
13770.000
13870.000
13672.000
13980.000
14013.000
13796.000
13916.000
13813.000
14006.000
13835.000
13920.000
13930.000
13883.000
13862.000
13561.000
13699.000
13667.000
13789.000
13929.000
13794.000
13971.000
13736.000
13749.000
13699.000
13839.000
13850.000
14016.000
13886.000
13775.000
13900.000
13917.000
13910.000
13920.000
13676.000
13807.000
13760.000
13705.000
13900.000
13949.000
13754.000
13866.000
14023.000
13810.000
13946.000
13886.000
13840.000
13908.000
13774.000
13878.000
13896.000
13773.000
13821.000
13731.000
13906.000
13628.000
13623.000
13851.000
13940.000
13748.000
13769.000
13965.000
13940.000
13947.000
13906.000
13903.000
13910.000
13855.000
13967.000
13755.000
13920.000
13808.000
13792.000
13735.000
13845.000
13843.000
13968.000
13880.000
13814.000
13656.000
13943.000
13831.000
13736.000
13808.000
13981.000
13850.000
14037.000
13703.000
13820.000
13913.000
13802.000
13822.000
13842.000
13841.000
13793.000
13802.000
13781.000
14035.000
13862.000
13746.000
13891.000
13952.000
13768.000
13775.000
13943.000
13734.000
13934.000
13948.000
13972.000
13667.000
13745.000
13782.000
13960.000
13946.000
14023.000
13674.000
13664.000
13925.000
13899.000
13637.000
13842.000
13666.000
13811.000
13839.000
13798.000
13770.000
13923.000
13839.000
13947.000
13979.000
13842.000
13769.000
13597.000
13786.000
13759.000
13873.000
13797.000
13749.000
13895.000
13950.000
13729.000
13632.000
13708.000
13796.000
13717.000
13897.000
13812.000
13828.000
13910.000
13816.000
13911.000
13974.000
13713.000
13860.000
13849.000
13816.000
13799.000
13883.000
