2975.000
2919.000
3051.000
3065.000
2923.000
3054.000
2985.000
3064.000
3006.000
2948.000
3060.000
2962.000
3111.000
2973.000
3035.000
2964.000
3078.000
2998.000
3068.000
3009.000
3051.000
3026.000
2995.000
2997.000
2993.000
3084.000
2929.000
2960.000
3044.000
3001.000
2953.000
3009.000
2985.000
2951.000
2924.000
2954.000
3005.000
3038.000
2985.000
2916.000
2996.000
2956.000
2985.000
3016.000
3059.000
3025.000
3033.000
2966.000
2927.000
2983.000
2976.000
3059.000
2895.000
2965.000
2932.000
3054.000
2904.000
2937.000
2967.000
3015.000
2922.000
3039.000
3012.000
2962.000
3004.000
2956.000
3031.000
3037.000
2959.000
2987.000
3046.000
3003.000
3094.000
3046.000
2981.000
2978.000
2958.000
3010.000
3037.000
2994.000
2900.000
2991.000
2966.000
3051.000
2953.000
3010.000
2976.000
2992.000
3025.000
2995.000
2941.000
2967.000
3092.000
3022.000
3048.000
3061.000
3036.000
3055.000
3027.000
3051.000
3144.000
2935.000
3036.000
2940.000
2994.000
2984.000
3018.000
3009.000
2964.000
3028.000
2999.000
2991.000
2984.000
3013.000
2956.000
2976.000
2855.000
3089.000
2936.000
3094.000
2932.000
3046.000
2999.000
3036.000
3077.000
3095.000
2952.000
2900.000
2945.000
2916.000
3023.000
2920.000
3016.000
2964.000
2971.000
3009.000
2978.000
2954.000
3005.000
2921.000
3049.000
3107.000
3059.000
3027.000
3144.000
3016.000
2955.000
3046.000
2975.000
2946.000
