2206.000
2291.000
2201.000
2228.000
2183.000
2206.000
2295.000
2214.000
2202.000
2125.000
2243.000
2210.000
2268.000
2288.000
2256.000
2216.000
2243.000
2285.000
2217.000
2181.000
2187.000
2264.000
2246.000
2273.000
2138.000
2294.000
2284.000
2335.000
2199.000
2183.000
2254.000
2203.000
2162.000
2247.000
2253.000
2170.000
2253.000
2254.000
2304.000
2228.000
2264.000
2282.000
2240.000
2240.000
2166.000
2221.000
2181.000
2168.000
2221.000
2243.000
2250.000
2192.000
2227.000
2163.000
2222.000
2255.000
2245.000
2124.000
2205.000
2217.000
2184.000
2305.000
2235.000
2237.000
2245.000
2161.000
2224.000
2249.000
2222.000
2167.000
2200.000
2256.000
2231.000
2191.000
2243.000
2177.000
2262.000
2280.000
2157.000
2229.000
2313.000
2272.000
2199.000
2229.000
2165.000
2244.000
2288.000
2225.000
2234.000
2277.000
2182.000
2168.000
2229.000
2162.000
2229.000
2089.000
2292.000
2225.000
2199.000
2354.000
2258.000
2244.000
2223.000
2134.000
2138.000
2277.000
2172.000
2184.000
2225.000
2252.000
2270.000
2138.000
2205.000
2145.000
2277.000
2338.000
2252.000
2276.000
2234.000
2185.000
2263.000
2258.000
2166.000
2259.000
2289.000
2243.000
2286.000
2207.000
2159.000
2241.000
2256.000
2222.000
2169.000
2173.000
2151.000
2295.000
2228.000
2294.000
2200.000
2247.000
2250.000
2195.000
2254.000
2153.000
2185.000
2225.000
2160.000
2229.000
2233.000
2228.000
