1389.000
1362.000
1341.000
1309.000
1350.000
1380.000
1400.000
1363.000
1310.000
1354.000
1375.000
1357.000
1353.000
1342.000
1390.000
1391.000
1369.000
1391.000
1349.000
1368.000
1380.000
1330.000
1268.000
1424.000
1353.000
1355.000
1429.000
1390.000
1393.000
1358.000
1322.000
1321.000
1351.000
1418.000
1410.000
1365.000
1360.000
1398.000
1352.000
1319.000
1371.000
1354.000
1325.000
1374.000
1348.000
1287.000
1437.000
1391.000
1299.000
1343.000
1334.000
1395.000
1276.000
1369.000
1386.000
1406.000
1345.000
1292.000
1298.000
1397.000
1335.000
1347.000
1306.000
1392.000
1423.000
1360.000
1394.000
1320.000
1394.000
1406.000
1350.000
1387.000
1321.000
1305.000
1342.000
1390.000
1357.000
1428.000
1292.000
1354.000
1331.000
1347.000
1355.000
1312.000
1348.000
1334.000
1340.000
1362.000
1355.000
1359.000
1390.000
1346.000
1345.000
1320.000
1363.000
1286.000
1348.000
1362.000
1387.000
1350.000
1355.000
1324.000
1395.000
1369.000
1334.000
1399.000
1337.000
1347.000
1416.000
1341.000
1379.000
1375.000
1455.000
1375.000
1357.000
1292.000
1390.000
1379.000
1366.000
1299.000
1389.000
1309.000
1397.000
1357.000
1336.000
1340.000
1375.000
1400.000
1368.000
1411.000
1364.000
1313.000
1358.000
1382.000
1325.000
1286.000
1353.000
1340.000
1401.000
1296.000
1369.000
1310.000
1450.000
1345.000
1278.000
1383.000
1349.000
1327.000
1346.000
1362.000
