921.000
973.000
974.000
930.000
936.000
1027.000
962.000
904.000
987.000
960.000
922.000
913.000
965.000
930.000
967.000
941.000
914.000
943.000
983.000
972.000
889.000
968.000
979.000
936.000
962.000
964.000
985.000
933.000
981.000
970.000
1009.000
920.000
945.000
981.000
939.000
903.000
958.000
910.000
962.000
965.000
951.000
992.000
937.000
930.000
970.000
966.000
975.000
968.000
932.000
975.000
973.000
940.000
940.000
954.000
942.000
940.000
956.000
983.000
905.000
1014.000
890.000
942.000
918.000
973.000
938.000
882.000
1011.000
899.000
944.000
996.000
935.000
959.000
988.000
939.000
976.000
947.000
976.000
963.000
1029.000
938.000
963.000
993.000
929.000
966.000
936.000
922.000
973.000
959.000
998.000
952.000
942.000
967.000
979.000
983.000
945.000
954.000
928.000
934.000
926.000
945.000
966.000
938.000
976.000
970.000
952.000
917.000
945.000
905.000
995.000
910.000
960.000
968.000
966.000
889.000
1003.000
953.000
981.000
946.000
895.000
975.000
975.000
958.000
944.000
934.000
941.000
1030.000
973.000
918.000
927.000
924.000
996.000
929.000
909.000
912.000
1004.000
954.000
890.000
952.000
934.000
914.000
928.000
918.000
941.000
959.000
970.000
936.000
910.000
958.000
938.000
967.000
