509.000
540.000
521.000
535.000
517.000
504.000
530.000
524.000
510.000
528.000
548.000
541.000
534.000
556.000
530.000
528.000
537.000
526.000
577.000
533.000
533.000
477.000
510.000
486.000
555.000
542.000
526.000
509.000
510.000
535.000
518.000
476.000
522.000
542.000
515.000
538.000
499.000
527.000
500.000
502.000
543.000
556.000
550.000
511.000
525.000
509.000
519.000
536.000
527.000
531.000
497.000
526.000
573.000
519.000
512.000
486.000
538.000
498.000
519.000
536.000
550.000
513.000
511.000
533.000
479.000
513.000
506.000
484.000
533.000
506.000
506.000
515.000
532.000
518.000
511.000
522.000
525.000
524.000
520.000
512.000
496.000
552.000
512.000
493.000
490.000
545.000
514.000
509.000
515.000
540.000
481.000
525.000
516.000
521.000
536.000
524.000
547.000
498.000
508.000
504.000
520.000
534.000
542.000
500.000
562.000
526.000
527.000
508.000
536.000
520.000
560.000
535.000
525.000
533.000
545.000
539.000
563.000
497.000
520.000
540.000
519.000
531.000
511.000
528.000
521.000
552.000
533.000
492.000
522.000
519.000
544.000
531.000
519.000
506.000
539.000
509.000
509.000
488.000
548.000
518.000
520.000
542.000
474.000
530.000
522.000
509.000
499.000
546.000
533.000
520.000
