316.000
376.000
367.000
356.000
346.000
348.000
319.000
352.000
329.000
357.000
367.000
334.000
362.000
348.000
388.000
365.000
344.000
349.000
321.000
384.000
332.000
333.000
324.000
393.000
358.000
343.000
362.000
371.000
371.000
349.000
349.000
354.000
355.000
341.000
336.000
341.000
334.000
355.000
363.000
346.000
376.000
362.000
351.000
375.000
341.000
352.000
336.000
334.000
329.000
330.000
325.000
354.000
348.000
361.000
356.000
368.000
379.000
355.000
351.000
359.000
370.000
333.000
362.000
364.000
341.000
351.000
335.000
381.000
328.000
353.000
351.000
357.000
378.000
328.000
376.000
348.000
362.000
336.000
356.000
325.000
347.000
342.000
319.000
337.000
360.000
309.000
383.000
343.000
331.000
351.000
333.000
335.000
340.000
351.000
338.000
366.000
347.000
375.000
355.000
342.000
372.000
305.000
361.000
386.000
360.000
359.000
338.000
394.000
330.000
345.000
365.000
336.000
362.000
379.000
353.000
311.000
354.000
354.000
329.000
330.000
363.000
342.000
359.000
351.000
369.000
312.000
313.000
359.000
375.000
341.000
326.000
329.000
344.000
394.000
363.000
349.000
358.000
376.000
347.000
372.000
360.000
341.000
347.000
337.000
338.000
385.000
372.000
354.000
356.000
367.000
