175.000
176.000
137.000
180.000
145.000
172.000
168.000
190.000
159.000
177.000
156.000
181.000
146.000
155.000
175.000
150.000
167.000
167.000
156.000
179.000
169.000
174.000
178.000
177.000
207.000
180.000
154.000
151.000
160.000
156.000
162.000
165.000
162.000
178.000
167.000
172.000
159.000
161.000
156.000
157.000
155.000
161.000
160.000
166.000
161.000
177.000
152.000
163.000
158.000
165.000
175.000
175.000
140.000
164.000
179.000
156.000
173.000
173.000
160.000
176.000
146.000
151.000
157.000
168.000
184.000
177.000
173.000
177.000
149.000
156.000
144.000
156.000
144.000
157.000
154.000
157.000
158.000
142.000
189.000
154.000
157.000
182.000
167.000
139.000
153.000
185.000
166.000
145.000
131.000
156.000
162.000
152.000
175.000
163.000
132.000
158.000
183.000
178.000
187.000
165.000
158.000
190.000
167.000
177.000
159.000
173.000
169.000
163.000
170.000
173.000
152.000
149.000
173.000
154.000
164.000
174.000
151.000
179.000
156.000
165.000
169.000
144.000
160.000
152.000
159.000
179.000
182.000
174.000
180.000
151.000
170.000
153.000
174.000
169.000
154.000
157.000
161.000
167.000
153.000
139.000
169.000
146.000
164.000
145.000
155.000
159.000
172.000
170.000
164.000
150.000
