21.000
21.000
23.000
21.000
16.000
23.000
19.000
27.000
26.000
28.000
21.000
18.000
19.000
25.000
27.000
26.000
24.000
16.000
17.000
21.000
32.000
21.000
25.000
23.000
23.000
32.000
27.000
21.000
22.000
14.000
17.000
20.000
30.000
28.000
9.000
28.000
26.000
17.000
19.000
27.000
26.000
14.000
20.000
28.000
23.000
17.000
19.000
24.000
23.000
22.000
21.000
14.000
19.000
16.000
15.000
26.000
22.000
19.000
19.000
21.000
21.000
22.000
27.000
22.000
19.000
21.000
28.000
21.000
22.000
18.000
21.000
35.000
29.000
32.000
27.000
24.000
26.000
23.000
27.000
29.000
26.000
25.000
22.000
25.000
25.000
25.000
29.000
15.000
22.000
23.000
13.000
25.000
28.000
22.000
19.000
20.000
23.000
24.000
28.000
24.000
19.000
24.000
16.000
19.000
23.000
19.000
22.000
18.000
24.000
19.000
20.000
30.000
23.000
19.000
24.000
19.000
20.000
23.000
19.000
21.000
17.000
13.000
31.000
24.000
30.000
26.000
24.000
16.000
20.000
26.000
20.000
28.000
18.000
23.000
25.000
23.000
11.000
23.000
26.000
35.000
20.000
15.000
25.000
19.000
20.000
29.000
19.000
34.000
28.000
24.000
