6.000
10.000
14.000
8.000
8.000
4.000
5.000
12.000
10.000
7.000
6.000
8.000
6.000
8.000
10.000
6.000
8.000
8.000
13.000
16.000
4.000
6.000
7.000
5.000
11.000
15.000
8.000
7.000
11.000
8.000
11.000
8.000
11.000
11.000
8.000
8.000
10.000
7.000
12.000
12.000
11.000
6.000
5.000
10.000
11.000
9.000
7.000
17.000
11.000
10.000
6.000
8.000
10.000
6.000
6.000
11.000
10.000
6.000
16.000
4.000
9.000
12.000
10.000
5.000
8.000
6.000
13.000
13.000
12.000
4.000
12.000
6.000
10.000
11.000
14.000
6.000
11.000
7.000
8.000
8.000
12.000
5.000
10.000
9.000
15.000
12.000
7.000
8.000
10.000
6.000
10.000
14.000
16.000
9.000
7.000
11.000
7.000
12.000
9.000
9.000
13.000
7.000
12.000
9.000
11.000
14.000
6.000
5.000
5.000
8.000
5.000
12.000
9.000
12.000
10.000
10.000
10.000
11.000
5.000
4.000
15.000
6.000
8.000
12.000
7.000
7.000
11.000
3.000
9.000
14.000
4.000
21.000
9.000
5.000
9.000
11.000
10.000
8.000
5.000
5.000
9.000
8.000
5.000
11.000
17.000
9.000
7.000
15.000
13.000
10.000
