171.000
167.000
159.000
151.000
149.000
129.000
160.000
165.000
137.000
154.000
149.000
146.000
148.000
167.000
135.000
162.000
131.000
133.000
161.000
145.000
165.000
146.000
154.000
142.000
151.000
141.000
152.000
128.000
130.000
137.000
176.000
134.000
151.000
161.000
154.000
173.000
152.000
163.000
140.000
152.000
161.000
127.000
141.000
146.000
163.000
155.000
127.000
134.000
140.000
122.000
143.000
145.000
138.000
148.000
137.000
150.000
149.000
128.000
159.000
174.000
147.000
164.000
143.000
148.000
162.000
161.000
145.000
130.000
120.000
163.000
150.000
153.000
143.000
160.000
125.000
155.000
141.000
159.000
178.000
137.000
152.000
155.000
143.000
134.000
156.000
144.000
144.000
138.000
147.000
147.000
126.000
150.000
151.000
125.000
150.000
153.000
126.000
148.000
148.000
139.000
151.000
162.000
142.000
156.000
175.000
149.000
149.000
122.000
155.000
142.000
171.000
150.000
167.000
160.000
141.000
130.000
147.000
141.000
166.000
163.000
157.000
140.000
152.000
145.000
139.000
153.000
159.000
150.000
137.000
142.000
147.000
162.000
145.000
141.000
146.000
147.000
130.000
158.000
169.000
138.000
144.000
142.000
149.000
119.000
168.000
151.000
135.000
133.000
149.000
150.000
168.000
158.000
151.000
138.000
165.000
131.000
130.000
157.000
152.000
152.000
150.000
145.000
144.000
167.000
153.000
153.000
138.000
159.000
135.000
129.000
140.000
147.000
127.000
141.000
157.000
154.000
147.000
144.000
153.000
140.000
165.000
140.000
154.000
155.000
141.000
142.000
168.000
134.000
158.000
121.000
151.000
151.000
144.000
151.000
168.000
154.000
141.000
169.000
168.000
134.000
