142.000
147.000
158.000
150.000
139.000
144.000
142.000
158.000
124.000
125.000
146.000
132.000
149.000
144.000
162.000
155.000
143.000
167.000
172.000
150.000
155.000
152.000
161.000
142.000
153.000
151.000
166.000
147.000
157.000
164.000
143.000
171.000
159.000
130.000
164.000
145.000
142.000
134.000
145.000
157.000
153.000
145.000
141.000
135.000
157.000
139.000
156.000
162.000
165.000
143.000
144.000
154.000
138.000
176.000
131.000
151.000
174.000
142.000
149.000
154.000
165.000
150.000
150.000
155.000
157.000
134.000
141.000
145.000
138.000
129.000
166.000
146.000
154.000
159.000
150.000
168.000
143.000
160.000
143.000
159.000
155.000
168.000
151.000
149.000
147.000
147.000
153.000
115.000
128.000
134.000
152.000
161.000
147.000
149.000
153.000
156.000
153.000
162.000
134.000
162.000
148.000
150.000
147.000
151.000
133.000
169.000
127.000
157.000
167.000
135.000
176.000
156.000
149.000
137.000
154.000
147.000
153.000
141.000
148.000
132.000
137.000
152.000
142.000
146.000
154.000
153.000
157.000
144.000
135.000
155.000
144.000
134.000
145.000
139.000
139.000
158.000
136.000
130.000
158.000
134.000
131.000
146.000
132.000
148.000
147.000
164.000
165.000
149.000
160.000
140.000
158.000
165.000
148.000
126.000
158.000
124.000
138.000
155.000
155.000
159.000
150.000
158.000
160.000
161.000
148.000
142.000
141.000
129.000
147.000
160.000
146.000
172.000
149.000
145.000
175.000
149.000
148.000
151.000
174.000
151.000
132.000
165.000
137.000
119.000
141.000
161.000
151.000
142.000
139.000
158.000
124.000
160.000
137.000
157.000
159.000
152.000
125.000
158.000
151.000
145.000
155.000
164.000
168.000
169.000
137.000
170.000
163.000
155.000
131.000
157.000
154.000
138.000
184.000
135.000
140.000
132.000
145.000
140.000
136.000
143.000
141.000
135.000
141.000
149.000
148.000
144.000
145.000
134.000
151.000
142.000
141.000
147.000
153.000
135.000
147.000
158.000
163.000
158.000
145.000
169.000
124.000
167.000
154.000
147.000
153.000
154.000
155.000
148.000
146.000
163.000
