58384.000
58512.000
58520.000
58483.000
58522.000
58557.000
58545.000
58748.000
58573.000
58490.000
58431.000
58246.000
58442.000
58705.000
58468.000
58456.000
58337.000
58437.000
58511.000
58960.000
57999.000
58515.000
58548.000
58817.000
58677.000
58631.000
58595.000
58750.000
58662.000
58444.000
58688.000
59058.000
58449.000
58491.000
58642.000
58546.000
58590.000
58740.000
58553.000
58672.000
58475.000
58449.000
58649.000
58680.000
58713.000
58854.000
58744.000
58803.000
58713.000
58184.000
58893.000
58476.000
58372.000
58346.000
58901.000
58367.000
58504.000
58905.000
58680.000
58336.000
58650.000
58793.000
58297.000
58765.000
58516.000
58454.000
58616.000
58469.000
58521.000
58258.000
58511.000
58945.000
58436.000
58758.000
58790.000
58616.000
58408.000
58610.000
58912.000
58396.000
58312.000
58195.000
58561.000
58502.000
58900.000
58672.000
58418.000
58643.000
58445.000
58400.000
58777.000
58532.000
58601.000
58542.000
58874.000
58506.000
58384.000
58915.000
58654.000
58278.000
