1360.000
1319.000
1357.000
1390.000
1345.000
1394.000
1339.000
1347.000
1288.000
1366.000
1354.000
1383.000
1386.000
1399.000
1392.000
1342.000
1361.000
1344.000
1341.000
1460.000
1390.000
1310.000
1450.000
1339.000
1297.000
1383.000
1387.000
1378.000
1356.000
1376.000
1397.000
1400.000
1501.000
1411.000
1378.000
1372.000
1382.000
1406.000
1408.000
1453.000
1437.000
1375.000
1459.000
1355.000
1404.000
1395.000
1358.000
1365.000
1417.000
1354.000
1402.000
1360.000
1317.000
1385.000
1404.000
1375.000
1373.000
1356.000
1449.000
1397.000
1423.000
1377.000
1419.000
1283.000
1315.000
1319.000
1318.000
1328.000
1395.000
1490.000
1374.000
1347.000
1341.000
1357.000
1407.000
1395.000
1359.000
1391.000
1352.000
1394.000
1331.000
1376.000
1440.000
1423.000
1386.000
1401.000
1402.000
1343.000
1387.000
1457.000
1392.000
1304.000
1411.000
1347.000
1387.000
1382.000
1407.000
1362.000
1406.000
1450.000
