655.000
659.000
591.000
591.000
624.000
615.000
617.000
665.000
575.000
663.000
593.000
597.000
602.000
616.000
656.000
587.000
627.000
603.000
621.000
615.000
599.000
662.000
634.000
652.000
630.000
625.000
666.000
593.000
620.000
614.000
621.000
622.000
605.000
616.000
597.000
627.000
614.000
639.000
595.000
620.000
595.000
618.000
613.000
633.000
621.000
668.000
612.000
621.000
579.000
587.000
636.000
584.000
605.000
621.000
580.000
647.000
624.000
617.000
644.000
631.000
601.000
580.000
600.000
609.000
570.000
588.000
602.000
608.000
648.000
580.000
636.000
611.000
640.000
573.000
610.000
631.000
630.000
611.000
552.000
604.000
640.000
613.000
621.000
634.000
634.000
629.000
625.000
610.000
617.000
596.000
599.000
641.000
654.000
592.000
646.000
637.000
635.000
623.000
580.000
610.000
