228.000
232.000
203.000
227.000
216.000
195.000
229.000
201.000
190.000
210.000
207.000
195.000
183.000
234.000
226.000
232.000
210.000
214.000
205.000
224.000
235.000
228.000
217.000
218.000
214.000
226.000
229.000
196.000
226.000
232.000
218.000
209.000
199.000
234.000
200.000
212.000
211.000
193.000
218.000
196.000
200.000
199.000
220.000
219.000
228.000
204.000
234.000
218.000
214.000
220.000
242.000
212.000
217.000
199.000
193.000
210.000
191.000
213.000
239.000
207.000
207.000
202.000
224.000
208.000
225.000
204.000
220.000
250.000
223.000
202.000
220.000
225.000
217.000
192.000
218.000
217.000
225.000
218.000
207.000
210.000
199.000
203.000
203.000
220.000
227.000
225.000
211.000
200.000
198.000
219.000
216.000
231.000
225.000
219.000
199.000
230.000
205.000
231.000
217.000
215.000
