64.000
54.000
62.000
52.000
50.000
65.000
58.000
69.000
77.000
67.000
50.000
53.000
47.000
60.000
60.000
67.000
74.000
60.000
67.000
57.000
66.000
58.000
68.000
61.000
53.000
64.000
73.000
67.000
53.000
60.000
61.000
54.000
73.000
70.000
68.000
61.000
56.000
60.000
63.000
63.000
63.000
51.000
55.000
51.000
56.000
62.000
71.000
64.000
63.000
59.000
53.000
65.000
63.000
55.000
62.000
62.000
64.000
53.000
59.000
60.000
52.000
66.000
58.000
66.000
58.000
56.000
58.000
69.000
63.000
58.000
58.000
67.000
66.000
53.000
72.000
63.000
66.000
50.000
65.000
66.000
49.000
79.000
65.000
58.000
69.000
65.000
55.000
47.000
50.000
42.000
58.000
47.000
68.000
56.000
64.000
72.000
58.000
73.000
55.000
59.000
