5001.000
4972.000
4971.000
4998.000
4997.000
5077.000
4890.000
5060.000
5017.000
4917.000
4944.000
5068.000
4891.000
5100.000
4906.000
4915.000
5024.000
5041.000
5032.000
4980.000
4990.000
5010.000
4950.000
4911.000
4991.000
4855.000
5007.000
5002.000
5043.000
4965.000
5064.000
5002.000
4964.000
4949.000
4919.000
5046.000
4965.000
4991.000
5023.000
4983.000
4937.000
5045.000
4998.000
5075.000
5062.000
5150.000
4932.000
5118.000
4990.000
5033.000
4988.000
5027.000
4975.000
4973.000
4991.000
4996.000
5089.000
5057.000
5085.000
4950.000
5050.000
4936.000
4951.000
5052.000
4972.000
4878.000
5040.000
4959.000
4981.000
5006.000
5039.000
4949.000
4951.000
4990.000
4949.000
4987.000
5016.000
4968.000
5018.000
4843.000
5079.000
4814.000
4925.000
4927.000
4934.000
5045.000
4983.000
4988.000
4990.000
4922.000
4830.000
4972.000
4925.000
4969.000
5064.000
4989.000
4974.000
4870.000
5005.000
4951.000
