30.000
41.000
31.000
43.000
35.000
50.000
47.000
36.000
37.000
34.000
45.000
28.000
40.000
32.000
39.000
42.000
53.000
45.000
36.000
30.000
28.000
42.000
41.000
35.000
29.000
42.000
41.000
32.000
50.000
45.000
46.000
39.000
36.000
32.000
36.000
32.000
40.000
39.000
40.000
36.000
34.000
44.000
42.000
48.000
50.000
53.000
32.000
28.000
37.000
37.000
29.000
47.000
42.000
34.000
53.000
47.000
41.000
39.000
43.000
38.000
33.000
41.000
43.000
38.000
40.000
38.000
46.000
28.000
36.000
44.000
32.000
38.000
39.000
44.000
35.000
49.000
30.000
34.000
38.000
34.000
32.000
48.000
34.000
39.000
33.000
48.000
29.000
39.000
36.000
36.000
41.000
38.000
52.000
38.000
36.000
36.000
33.000
42.000
40.000
31.000
