1562.000
1528.000
1529.000
1521.000
1584.000
1582.000
1564.000
1542.000
1575.000
1572.000
1541.000
1522.000
1572.000
1590.000
1510.000
1520.000
1512.000
1588.000
1567.000
1562.000
1485.000
1556.000
1538.000
1541.000
1542.000
1538.000
1508.000
1615.000
1533.000
1594.000
1604.000
1585.000
1567.000
1539.000
1515.000
1474.000
1543.000
1511.000
1538.000
1505.000
1534.000
1585.000
1497.000
1515.000
1536.000
1472.000
1571.000
1600.000
1531.000
1545.000
1512.000
1604.000
1480.000
1589.000
1544.000
1543.000
1555.000
1529.000
1568.000
1599.000
1584.000
1606.000
1518.000
1556.000
1575.000
1500.000
1495.000
1546.000
1605.000
1527.000
1545.000
1576.000
1562.000
1600.000
1585.000
1536.000
1528.000
1556.000
1572.000
1529.000
1576.000
1563.000
1544.000
1500.000
1567.000
1549.000
1602.000
1534.000
1596.000
1523.000
1556.000
1484.000
1518.000
1543.000
1587.000
1514.000
1600.000
1524.000
1537.000
1522.000
1607.000
1591.000
1563.000
1520.000
1580.000
1510.000
1573.000
1547.000
1562.000
1452.000
1564.000
1486.000
1559.000
1531.000
1501.000
1532.000
1593.000
1545.000
1537.000
1597.000
1507.000
1603.000
1597.000
1531.000
1563.000
1549.000
1565.000
1574.000
1623.000
1544.000
1619.000
1579.000
1481.000
1523.000
1558.000
1569.000
1591.000
1534.000
1576.000
1518.000
1535.000
1524.000
1561.000
1532.000
1534.000
1519.000
1484.000
1496.000
1608.000
1570.000
