1241.000
1248.000
1272.000
1253.000
1309.000
1304.000
1257.000
1300.000
1324.000
1259.000
1299.000
1250.000
1267.000
1312.000
1349.000
1243.000
1222.000
1226.000
1275.000
1251.000
1256.000
1222.000
1271.000
1332.000
1279.000
1240.000
1290.000
1319.000
1200.000
1267.000
1258.000
1332.000
1225.000
1256.000
1280.000
1278.000
1265.000
1282.000
1255.000
1273.000
1297.000
1311.000
1283.000
1240.000
1239.000
1269.000
1230.000
1223.000
1284.000
1288.000
1382.000
1311.000
1245.000
1234.000
1367.000
1230.000
1256.000
1273.000
1304.000
1344.000
1294.000
1229.000
1178.000
1305.000
1275.000
1273.000
1274.000
1208.000
1304.000
1262.000
1283.000
1247.000
1315.000
1231.000
1230.000
1278.000
1179.000
1349.000
1237.000
1289.000
1273.000
1199.000
1226.000
1270.000
1296.000
1250.000
1266.000
1313.000
1274.000
1274.000
1347.000
1255.000
1247.000
1268.000
1328.000
1305.000
1311.000
1308.000
1250.000
1279.000
1238.000
1307.000
1278.000
1260.000
1272.000
1269.000
1235.000
1238.000
1259.000
1239.000
1219.000
1221.000
1218.000
1192.000
1211.000
1266.000
1341.000
1301.000
1305.000
1273.000
1302.000
1244.000
1305.000
1226.000
1249.000
1271.000
1287.000
1259.000
1296.000
1323.000
1293.000
1282.000
1229.000
1252.000
1245.000
1264.000
1293.000
1241.000
1254.000
1292.000
1229.000
1276.000
1234.000
1294.000
1234.000
1315.000
1189.000
1245.000
1316.000
1280.000
