806.000
755.000
747.000
752.000
804.000
813.000
742.000
800.000
747.000
785.000
845.000
752.000
714.000
748.000
800.000
766.000
788.000
743.000
795.000
738.000
747.000
790.000
804.000
753.000
786.000
770.000
770.000
768.000
779.000
749.000
737.000
767.000
780.000
835.000
814.000
805.000
781.000
766.000
773.000
782.000
772.000
802.000
735.000
769.000
764.000
760.000
771.000
810.000
747.000
756.000
804.000
780.000
770.000
769.000
775.000
786.000
819.000
764.000
740.000
764.000
792.000
720.000
749.000
793.000
794.000
770.000
741.000
793.000
728.000
760.000
728.000
808.000
731.000
698.000
792.000
817.000
750.000
781.000
799.000
750.000
714.000
745.000
803.000
768.000
781.000
794.000
809.000
742.000
761.000
771.000
817.000
765.000
825.000
746.000
813.000
775.000
778.000
734.000
765.000
761.000
809.000
745.000
765.000
788.000
709.000
769.000
778.000
766.000
740.000
790.000
781.000
770.000
783.000
813.000
802.000
776.000
791.000
806.000
838.000
761.000
777.000
777.000
747.000
728.000
774.000
788.000
817.000
790.000
760.000
766.000
779.000
783.000
742.000
763.000
730.000
788.000
765.000
763.000
726.000
758.000
770.000
766.000
745.000
819.000
783.000
740.000
745.000
766.000
744.000
815.000
