642.000
690.000
668.000
680.000
678.000
673.000
689.000
693.000
674.000
681.000
662.000
679.000
676.000
673.000
687.000
672.000
725.000
687.000
700.000
690.000
651.000
684.000
680.000
634.000
693.000
699.000
616.000
676.000
652.000
672.000
675.000
664.000
665.000
682.000
705.000
654.000
687.000
689.000
670.000
671.000
682.000
670.000
698.000
712.000
675.000
689.000
628.000
648.000
691.000
683.000
678.000
705.000
688.000
678.000
671.000
653.000
660.000
690.000
675.000
733.000
653.000
714.000
664.000
677.000
647.000
649.000
651.000
675.000
696.000
677.000
669.000
653.000
699.000
675.000
679.000
667.000
676.000
644.000
656.000
713.000
679.000
693.000
674.000
731.000
616.000
706.000
663.000
663.000
655.000
656.000
694.000
688.000
651.000
670.000
711.000
672.000
681.000
641.000
701.000
696.000
645.000
718.000
661.000
701.000
687.000
672.000
645.000
693.000
679.000
664.000
683.000
705.000
705.000
676.000
671.000
695.000
708.000
699.000
679.000
659.000
682.000
675.000
686.000
699.000
673.000
673.000
660.000
646.000
644.000
680.000
707.000
693.000
695.000
686.000
684.000
672.000
703.000
634.000
712.000
721.000
611.000
706.000
710.000
668.000
683.000
740.000
658.000
655.000
683.000
719.000
