442.000
419.000
400.000
421.000
389.000
405.000
401.000
423.000
388.000
422.000
441.000
406.000
403.000
410.000
401.000
430.000
448.000
435.000
424.000
391.000
393.000
408.000
429.000
406.000
403.000
383.000
436.000
404.000
433.000
405.000
419.000
427.000
391.000
403.000
417.000
399.000
386.000
373.000
397.000
380.000
408.000
416.000
411.000
418.000
392.000
422.000
406.000
449.000
426.000
386.000
399.000
403.000
384.000
415.000
415.000
402.000
396.000
396.000
423.000
388.000
363.000
396.000
427.000
382.000
390.000
416.000
454.000
376.000
430.000
383.000
421.000
398.000
466.000
406.000
410.000
453.000
426.000
427.000
414.000
424.000
418.000
408.000
433.000
430.000
426.000
401.000
350.000
383.000
410.000
442.000
381.000
399.000
413.000
398.000
451.000
396.000
418.000
403.000
420.000
402.000
412.000
372.000
424.000
429.000
426.000
412.000
395.000
416.000
419.000
394.000
429.000
430.000
440.000
438.000
386.000
389.000
400.000
445.000
405.000
403.000
402.000
452.000
382.000
425.000
429.000
414.000
364.000
396.000
397.000
378.000
424.000
417.000
375.000
383.000
380.000
427.000
401.000
378.000
405.000
366.000
408.000
418.000
416.000
400.000
448.000
422.000
397.000
435.000
432.000
402.000
