14659.000
14810.000
14744.000
14750.000
14589.000
14870.000
14786.000
14849.000
14630.000
14769.000
14563.000
14526.000
14686.000
14975.000
14923.000
14957.000
14917.000
14746.000
15040.000
14739.000
14815.000
14683.000
14734.000
14905.000
14949.000
14806.000
14623.000
14741.000
14750.000
14727.000
14917.000
14892.000
14866.000
14629.000
14850.000
14854.000
14976.000
14754.000
15020.000
14771.000
14822.000
14792.000
14758.000
14601.000
14817.000
14908.000
14839.000
14755.000
14859.000
14766.000
14823.000
15014.000
14699.000
14736.000
14757.000
14875.000
14715.000
14899.000
14925.000
14784.000
14767.000
14688.000
14840.000
14890.000
14794.000
14851.000
14778.000
14621.000
14587.000
14847.000
14781.000
15057.000
14930.000
14858.000
14816.000
14995.000
14935.000
14805.000
14977.000
14780.000
14858.000
15001.000
14706.000
14778.000
14524.000
14882.000
14813.000
14920.000
14766.000
14939.000
14931.000
14644.000
14853.000
14681.000
14780.000
14908.000
14797.000
14844.000
14764.000
14646.000
14842.000
14582.000
14576.000
14620.000
14694.000
14570.000
14748.000
14662.000
14876.000
14769.000
14869.000
14778.000
14778.000
14790.000
14723.000
14813.000
14808.000
14902.000
14677.000
14938.000
14814.000
14729.000
14975.000
14761.000
14669.000
15028.000
15006.000
14667.000
14814.000
14584.000
14869.000
14729.000
14879.000
14953.000
14809.000
14788.000
14785.000
14963.000
14867.000
14698.000
14785.000
14945.000
14864.000
14750.000
14906.000
14976.000
14949.000
14997.000
14835.000
14817.000
