10268.000
10199.000
10184.000
10094.000
10022.000
10169.000
10170.000
10039.000
10174.000
10225.000
10287.000
10165.000
10188.000
10238.000
10121.000
10056.000
10166.000
10207.000
10098.000
10060.000
10029.000
10119.000
10010.000
10139.000
10045.000
10302.000
10186.000
10130.000
10200.000
10002.000
9863.000
10001.000
10207.000
10008.000
10151.000
10055.000
10091.000
10007.000
10127.000
10068.000
10041.000
10157.000
10159.000
10100.000
10070.000
10294.000
10258.000
10182.000
9962.000
10102.000
9951.000
10209.000
9902.000
10189.000
10202.000
10164.000
10152.000
10125.000
10108.000
10071.000
10102.000
10300.000
10061.000
10164.000
10249.000
9909.000
10149.000
10164.000
10152.000
10238.000
10104.000
10193.000
10243.000
10155.000
10323.000
10270.000
10227.000
10247.000
10130.000
10221.000
10157.000
10069.000
10261.000
10226.000
10197.000
10056.000
10119.000
10086.000
10145.000
10095.000
10165.000
10119.000
10149.000
10208.000
10107.000
10242.000
10073.000
10188.000
10222.000
10090.000
10081.000
9984.000
9993.000
10214.000
10103.000
10098.000
10301.000
10125.000
10094.000
9991.000
10208.000
10161.000
10093.000
10154.000
10087.000
10256.000
10224.000
10073.000
10001.000
10032.000
10130.000
10300.000
10117.000
10077.000
10105.000
10211.000
10089.000
10005.000
10270.000
10249.000
10076.000
10354.000
10185.000
9952.000
10021.000
10034.000
10166.000
10191.000
10107.000
10166.000
10168.000
10119.000
10209.000
10241.000
10072.000
10146.000
10096.000
9997.000
10252.000
10188.000
