4242.000
4289.000
4202.000
4272.000
4416.000
4354.000
4159.000
4253.000
4153.000
4492.000
4358.000
4233.000
4391.000
4333.000
4303.000
4334.000
4354.000
4371.000
4360.000
4274.000
4407.000
4234.000
4329.000
4398.000
4250.000
4377.000
4236.000
4376.000
4310.000
4266.000
4295.000
4278.000
4405.000
4287.000
4165.000
4288.000
4387.000
4453.000
4299.000
4310.000
4321.000
4343.000
4351.000
4209.000
4350.000
4410.000
4358.000
4277.000
4251.000
4341.000
4292.000
4361.000
4367.000
4220.000
4414.000
4165.000
4298.000
4267.000
4294.000
4383.000
4164.000
4353.000
4212.000
4450.000
4455.000
4365.000
4307.000
4367.000
4317.000
4336.000
4232.000
4325.000
4169.000
4440.000
4378.000
4431.000
4337.000
4372.000
4332.000
4441.000
4252.000
4256.000
4415.000
4372.000
4400.000
4372.000
4324.000
4280.000
4347.000
4353.000
4332.000
4410.000
4259.000
4289.000
4367.000
4333.000
4241.000
4263.000
4288.000
4221.000
4366.000
4256.000
4393.000
4372.000
4276.000
4397.000
4289.000
4295.000
4244.000
4373.000
4356.000
4346.000
4308.000
4155.000
4369.000
4395.000
4261.000
4232.000
4407.000
4165.000
4424.000
4253.000
4320.000
4330.000
4249.000
4420.000
4480.000
4336.000
4302.000
4234.000
4319.000
4219.000
4251.000
4369.000
4284.000
4233.000
4374.000
4363.000
4386.000
4368.000
4363.000
4322.000
4453.000
4330.000
4379.000
4371.000
4142.000
4281.000
4372.000
4329.000
