3170.000
3144.000
3182.000
3151.000
3179.000
3180.000
3191.000
3106.000
3062.000
3217.000
3205.000
3188.000
3198.000
3077.000
3142.000
3081.000
3023.000
3130.000
3162.000
3092.000
3178.000
3126.000
3194.000
3145.000
3194.000
3182.000
3208.000
3246.000
3240.000
3241.000
3204.000
3169.000
3243.000
3132.000
3204.000
3234.000
3152.000
3181.000
3140.000
3211.000
3182.000
3299.000
3156.000
3125.000
3162.000
3094.000
3168.000
3177.000
3224.000
3100.000
3164.000
3241.000
3103.000
3179.000
3201.000
3155.000
3197.000
3085.000
3079.000
3148.000
3173.000
3136.000
3163.000
3134.000
3133.000
3135.000
3101.000
3226.000
3199.000
3122.000
3262.000
3049.000
3180.000
3149.000
3069.000
3318.000
3161.000
3171.000
3078.000
3118.000
3200.000
3085.000
3159.000
3131.000
3213.000
3234.000
3138.000
3154.000
3067.000
3170.000
3174.000
3228.000
3133.000
3152.000
3189.000
3113.000
3258.000
3192.000
3210.000
3094.000
3113.000
3176.000
3145.000
3201.000
3163.000
3116.000
3077.000
3057.000
3207.000
3235.000
3179.000
3191.000
3211.000
3127.000
3143.000
3196.000
3135.000
3129.000
3176.000
3194.000
3242.000
3145.000
3127.000
3113.000
3123.000
3124.000
3139.000
3164.000
3172.000
3076.000
3256.000
3151.000
3288.000
3109.000
3218.000
3160.000
3158.000
3189.000
3101.000
3238.000
3256.000
3155.000
3341.000
3190.000
3194.000
3250.000
3226.000
3179.000
3189.000
3146.000
