2397.000
2427.000
2367.000
2449.000
2552.000
2448.000
2323.000
2449.000
2360.000
2467.000
2424.000
2393.000
2348.000
2460.000
2453.000
2421.000
2442.000
2403.000
2398.000
2429.000
2388.000
2472.000
2459.000
2480.000
2451.000
2447.000
2412.000
2444.000
2427.000
2482.000
2399.000
2496.000
2452.000
2398.000
2451.000
2444.000
2469.000
2471.000
2391.000
2361.000
2474.000
2425.000
2480.000
2370.000
2338.000
2427.000
2401.000
2474.000
2472.000
2409.000
2433.000
2473.000
2468.000
2372.000
2423.000
2433.000
2433.000
2411.000
2387.000
2431.000
2439.000
2389.000
2431.000
2478.000
2495.000
2509.000
2498.000
2442.000
2410.000
2365.000
2382.000
2423.000
2426.000
2456.000
2430.000
2402.000
2439.000
2385.000
2492.000
2397.000
2454.000
2508.000
2414.000
2426.000
2430.000
2481.000
2398.000
2465.000
2509.000
2454.000
2453.000
2484.000
2414.000
2513.000
2387.000
2411.000
2418.000
2544.000
2387.000
2507.000
2390.000
2466.000
2393.000
2379.000
2493.000
2461.000
2501.000
2454.000
2467.000
2443.000
2353.000
2434.000
2445.000
2451.000
2468.000
2492.000
2474.000
2433.000
2429.000
2439.000
2417.000
2452.000
2405.000
2431.000
2494.000
2532.000
2474.000
2425.000
2427.000
2477.000
2448.000
2463.000
2536.000
2455.000
2521.000
2544.000
2472.000
2433.000
2446.000
2396.000
2392.000
2344.000
2435.000
2497.000
2493.000
2386.000
2362.000
2456.000
2395.000
2418.000
