EnergyDepositedInSi, SourceZ, SiAngleOffAxis, AbsorberThickness
60,0,0,0
60,0,0,0
3.70155,0,0,0
60,0,0,0
8.87316,0,0,0
60,0,0,0
60,0,0,0
60,0,0,0
1.94175,0,0,0
60,0,0,0
5.32475,0,0,0
60,0,0,0
6.86199,0,0,0
7.93166,0,0,0
60,0,0,0
8.27883,0,0,0
2.48099,0,0,0
10.5265,0,0,0
10.8941,0,0,0
6.24674,0,0,0
8.01173,0,0,0
4.86749,0,0,0
2.96774,0,0,0
60,0,0,0
60,0,0,0
0.476427,0,0,0
0.569944,0,0,0
10.1945,0,0,0
60,0,0,0
60,0,0,0
60,0,0,0
60,0,0,0
60,0,0,0
60,0,0,0
60,0,0,0
8.01614,0,0,0
7.97979,0,0,0
3.71327,0,0,0
4.98216,0,0,0
4.47247,0,0,0
2.2763,0,0,0
23.1846,0,0,0
5.41197,0,0,0
60,0,0,0
7.36717,0,0,0
8.81265,0,0,0
60,0,0,0
60,0,0,0
1.8708,0,0,0
60,0,0,0
4.87827,0,0,0
60,0,0,0
1.26498,0,0,0
3.40987,0,0,0
60,0,0,0
60,0,0,0
10.5524,0,0,0
60,0,0,0
60,0,0,0
0.890825,0,0,0
9.18002,0,0,0
60,0,0,0
60,0,0,0
9.82523,0,0,0
8.66684,0,0,0
60,0,0,0
10.071,0,0,0
2.80717,0,0,0
60,0,0,0
0.346069,0,0,0
60,0,0,0
60,0,0,0
9.90265,0,0,0
60,0,0,0
1.20504,0,0,0
0.621919,0,0,0
31.5927,0,0,0
6.0979,0,0,0
5.89966,0,0,0
2.37799,0,0,0
60,0,0,0
11.3799,0,0,0
0.98889,0,0,0
60,0,0,0
10.2227,0,0,0
8.81174,0,0,0
0.764587,0,0,0
60,0,0,0
60,0,0,0
6.51755,0,0,0
60,0,0,0
8.61743,0,0,0
60,0,0,0
0.595318,0,0,0
1.78667,0,0,0
60,0,0,0
1.8011,0,0,0
60,0,0,0
10.7494,0,0,0
8.80516,0,0,0
60,0,0,0
7.46483,0,0,0
60,0,0,0
60,0,0,0
2.07713,0,0,0
60,0,0,0
27.6587,0,0,0
60,0,0,0
7.00979,0,0,0
60,0,0,0
60,0,0,0
60,0,0,0
60,0,0,0
5.43609,0,0,0
3.29234,0,0,0
1.21756,0,0,0
10.351,0,0,0
2.35741,0,0,0
10.7785,0,0,0
1.05186,0,0,0
2.83326,0,0,0
60,0,0,0
60,0,0,0
5.66006,0,0,0
10.8061,0,0,0
11.0662,0,0,0
3.293,0,0,0
10.8401,0,0,0
5.09608,0,0,0
60,0,0,0
60,0,0,0
60,0,0,0
13.1452,0,0,0
3.98301,0,0,0
60,0,0,0
60,0,0,0
0.956786,0,0,0
0.570522,0,0,0
60,0,0,0
0.21987,0,0,0
10.2083,0,0,0
5.76176,0,0,0
60,0,0,0
7.22606,0,0,0
8.05732,0,0,0
23.2281,0,0,0
2.65567,0,0,0
3.0697,0,0,0
1.90698,0,0,0
60,0,0,0
60,0,0,0
60,0,0,0
2.67671,0,0,0
60,0,0,0
60,0,0,0
8.26029,0,0,0
60,0,0,0
60,0,0,0
2.51269,0,0,0
60,0,0,0
2.40584,0,0,0
60,0,0,0
6.70338,0,0,0
1.93463,0,0,0
0.57988,0,0,0
60,0,0,0
60,0,0,0
0.119798,0,0,0
3.49489,0,0,0
60,0,0,0
5.69777,0,0,0
8.53677,0,0,0
60,0,0,0
10.0766,0,0,0
7.86975,0,0,0
5.73341,0,0,0
5.98422,0,0,0
60,0,0,0
60,0,0,0
11.195,0,0,0
60,0,0,0
60,0,0,0
60,0,0,0
9.80152,0,0,0
60,0,0,0
60,0,0,0
60,0,0,0
60,0,0,0
60,0,0,0
8.97383,0,0,0
9.61374,0,0,0
60,0,0,0
60,0,0,0
60,0,0,0
9.38389,0,0,0
60,0,0,0
12.977,0,0,0
60,0,0,0
8.79549,0,0,0
5.56191,0,0,0
10.3641,0,0,0
60,0,0,0
10.0826,0,0,0
0.161442,0,0,0
60,0,0,0
60,0,0,0
10.1704,0,0,0
4.23311,0,0,0
60,0,0,0
60,0,0,0
60,0,0,0
60,0,0,0
14.81,0,0,0
60,0,0,0
10.0546,0,0,0
60,0,0,0
10.0633,0,0,0
60,0,0,0
16.5839,0,0,0
60,0,0,0
60,0,0,0
60,0,0,0
60,0,0,0
2.93253,0,0,0
60,0,0,0
0.876191,0,0,0
60,0,0,0
60,0,0,0
60,0,0,0
9.72786,0,0,0
5.41994,0,0,0
0.2667,0,0,0
3.34652,0,0,0
60,0,0,0
60,0,0,0
10.5568,0,0,0
60,0,0,0
3.37471,0,0,0
60,0,0,0
60,0,0,0
5.6733,0,0,0
60,0,0,0
10.2215,0,0,0
8.87262,0,0,0
0.725405,0,0,0
1.70056,0,0,0
60,0,0,0
4.0914,0,0,0
7.23956,0,0,0
60,0,0,0
60,0,0,0
60,0,0,0
3.45827,0,0,0
10.2669,0,0,0
0.423191,0,0,0
60,0,0,0
60,0,0,0
60,0,0,0
60,0,0,0
17.5388,0,0,0
60,0,0,0
2.9412,0,0,0
60,0,0,0
60,0,0,0
7.91786,0,0,0
10.8832,0,0,0
2.24813,0,0,0
2.21851,0,0,0
4.38621,0,0,0
60,0,0,0
60,0,0,0
60,0,0,0
60,0,0,0
1.33798,0,0,0
8.98978,0,0,0
60,0,0,0
60,0,0,0
1.72656,0,0,0
60,0,0,0
60,0,0,0
60,0,0,0
7.3733,0,0,0
4.30498,0,0,0
1.30351,0,0,0
3.08919,0,0,0
3.08093,0,0,0
60,0,0,0
60,0,0,0
60,0,0,0
21.3651,0,0,0
60,0,0,0
0.393805,0,0,0
8.72331,0,0,0
60,0,0,0
5.84837,0,0,0
1.52477,0,0,0
7.41194,0,0,0
60,0,0,0
60,0,0,0
1.48802,0,0,0
8.62806,0,0,0
5.03566,0,0,0
9.96928,0,0,0
60,0,0,0
8.92532,0,0,0
60,0,0,0
60,0,0,0
3.41387,0,0,0
60,0,0,0
60,0,0,0
7.2145,0,0,0
60,0,0,0
1.78681,0,0,0
60,0,0,0
60,0,0,0
0.1457,0,0,0
6.76564,0,0,0
2.22326,0,0,0
60,0,0,0
60,0,0,0
60,0,0,0
10.6537,0,0,0
6.78616,0,0,0
1.62126,0,0,0
4.4992,0,0,0
7.48024,0,0,0
32.0013,0,0,0
10.3017,0,0,0
60,0,0,0
60,0,0,0
60,0,0,0
0.419228,0,0,0
60,0,0,0
2.23398,0,0,0
60,0,0,0
5.06266,0,0,0
2.64206,0,0,0
3.08494,0,0,0
60,0,0,0
17.4495,0,0,0
6.12655,0,0,0
2.47441,0,0,0
60,0,0,0
0.665855,0,0,0
9.08798,0,0,0
5.54461,0,0,0
1.63005,0,0,0
11.1864,0,0,0
60,0,0,0
4.01846,0,0,0
60,0,0,0
1.1163,0,0,0
60,0,0,0
60,0,0,0
60,0,0,0
6.43097,0,0,0
60,0,0,0
3.49337,0,0,0
60,0,0,0
60,0,0,0
60,0,0,0
5.58275,0,0,0
60,0,0,0
4.91157,0,0,0
60,0,0,0
5.03471,0,0,0
60,0,0,0
60,0,0,0
1.68285,0,0,0
60,0,0,0
10.8545,0,0,0
60,0,0,0
60,0,0,0
9.43627,0,0,0
0.539718,0,0,0
60,0,0,0
7.73327,0,0,0
1.09692,0,0,0
60,0,0,0
5.4295,0,0,0
2.54222,0,0,0
60,0,0,0
11.3434,0,0,0
60,0,0,0
1.83253,0,0,0
60,0,0,0
60,0,0,0
60,0,0,0
60,0,0,0
60,0,0,0
11.1727,0,0,0
0.535269,0,0,0
4.34387,0,0,0
60,0,0,0
60,0,0,0
5.71519,0,0,0
0.101867,0,0,0
60,0,0,0
0.114697,0,0,0
9.01689,0,0,0
6.97778,0,0,0
3.93966,0,0,0
60,0,0,0
7.47157,0,0,0
11.3632,0,0,0
60,0,0,0
6.80212,0,0,0
3.97954,0,0,0
8.10517,0,0,0
60,0,0,0
30.2368,0,0,0
60,0,0,0
60,0,0,0
7.64421,0,0,0
60,0,0,0
14.4122,0,0,0
60,0,0,0
1.92126,0,0,0
60,0,0,0
60,0,0,0
5.07953,0,0,0
60,0,0,0
60,0,0,0
60,0,0,0
60,0,0,0
7.61151,0,0,0
60,0,0,0
3.45922,0,0,0
60,0,0,0
0.331103,0,0,0
60,0,0,0
60,0,0,0
5.15043,0,0,0
6.36689,0,0,0
60,0,0,0
60,0,0,0
7.11929,0,0,0
60,0,0,0
2.66026,0,0,0
60,0,0,0
60,0,0,0
8.69824,0,0,0
10.5346,0,0,0
4.31199,0,0,0
60,0,0,0
60,0,0,0
8.48765,0,0,0
60,0,0,0
60,0,0,0
19.4676,0,0,0
10.5165,0,0,0
60,0,0,0
60,0,0,0
60,0,0,0
0.919516,0,0,0
60,0,0,0
0.238594,0,0,0
6.82362,0,0,0
60,0,0,0
60,0,0,0
60,0,0,0
60,0,0,0
3.06441,0,0,0
60,0,0,0
60,0,0,0
10.9897,0,0,0
60,0,0,0
60,0,0,0
60,0,0,0
3.16124,0,0,0
0.27946,0,0,0
7.78149,0,0,0
60,0,0,0
10.9561,0,0,0
60,0,0,0
11.0768,0,0,0
1.00636,0,0,0
60,0,0,0
60,0,0,0
6.21554,0,0,0
9.35691,0,0,0
60,0,0,0
60,0,0,0
0.939492,0,0,0
10.3659,0,0,0
0.964184,0,0,0
60,0,0,0
7.05216,0,0,0
60,0,0,0
60,0,0,0
2.1004,0,0,0
60,0,0,0
7.29791,0,0,0
0.548078,0,0,0
3.08457,0,0,0
60,0,0,0
60,0,0,0
60,0,0,0
60,0,0,0
0.527622,0,0,0
60,0,0,0
60,0,0,0
3.89836,0,0,0
38.3985,0,0,0
4.9957,0,0,0
10.5529,0,0,0
4.89429,0,0,0
60,0,0,0
11.2352,0,0,0
4.82709,0,0,0
60,0,0,0
7.14771,0,0,0
60,0,0,0
9.0664,0,0,0
2.28216,0,0,0
60,0,0,0
60,0,0,0
1.01484,0,0,0
2.44898,0,0,0
8.16282,0,0,0
60,0,0,0
9.37839,0,0,0
60,0,0,0
1.60227,0,0,0
60,0,0,0
60,0,0,0
8.43077,0,0,0
1.58991,0,0,0
60,0,0,0
60,0,0,0
60,0,0,0
60,0,0,0
60,0,0,0
60,0,0,0
60,0,0,0
1.82657,0,0,0
10.9081,0,0,0
60,0,0,0
60,0,0,0
2.43251,0,0,0
8.36683,0,0,0
60,0,0,0
3.67844,0,0,0
0.385316,0,0,0
60,0,0,0
60,0,0,0
60,0,0,0
5.11186,0,0,0
60,0,0,0
60,0,0,0
60,0,0,0
60,0,0,0
60,0,0,0
2.76431,0,0,0
60,0,0,0
11.3319,0,0,0
60,0,0,0
4.4866,0,0,0
0.189687,0,0,0
60,0,0,0
60,0,0,0
60,0,0,0
60,0,0,0
60,0,0,0
60,0,0,0
7.23025,0,0,0
60,0,0,0
60,0,0,0
60,0,0,0
60,0,0,0
60,0,0,0
10.8276,0,0,0
60,0,0,0
60,0,0,0
1.92035,0,0,0
7.28585,0,0,0
0.883502,0,0,0
10.3705,0,0,0
60,0,0,0
60,0,0,0
10.2633,0,0,0
9.84971,0,0,0
6.15039,0,0,0
9.54898,0,0,0
60,0,0,0
3.48806,0,0,0
60,0,0,0
60,0,0,0
8.05065,0,0,0
9.36459,0,0,0
60,0,0,0
60,0,0,0
60,0,0,0
60,0,0,0
10.235,0,0,0
60,0,0,0
60,0,0,0
4.24682,0,0,0
0.82243,0,0,0
60,0,0,0
1.38843,0,0,0
2.04844,0,0,0
60,0,0,0
1.05078,0,0,0
60,0,0,0
9.2653,0,0,0
4.21162,0,0,0
60,0,0,0
60,0,0,0
60,0,0,0
60,0,0,0
0.305366,0,0,0
1.00319,0,0,0
60,0,0,0
60,0,0,0
60,0,0,0
60,0,0,0
3.27215,0,0,0
1.61295,0,0,0
10.4306,0,0,0
8.91826,0,0,0
3.38962,0,0,0
60,0,0,0
60,0,0,0
9.11761,0,0,0
60,0,0,0
8.14885,0,0,0
2.41115,0,0,0
9.83439,0,0,0
11.1773,0,0,0
9.38405,0,0,0
60,0,0,0
60,0,0,0
7.06643,0,0,0
60,0,0,0
10.9643,0,0,0
60,0,0,0
60,0,0,0
60,0,0,0
0.221279,0,0,0
60,0,0,0
60,0,0,0
60,0,0,0
8.58326,0,0,0
11.1606,0,0,0
60,0,0,0
60,0,0,0
11.2684,0,0,0
7.70713,0,0,0
0.341333,0,0,0
8.03593,0,0,0
8.71693,0,0,0
60,0,0,0
60,0,0,0
60,0,0,0
1.59134,0,0,0
60,0,0,0
60,0,0,0
0.476428,0,0,0
10.681,0,0,0
5.21446,0,0,0
1.92255,0,0,0
7.10989,0,0,0
6.61747,0,0,0
0.799048,0,0,0
60,0,0,0
1.38225,0,0,0
10.879,0,0,0
60,0,0,0
2.06276,0,0,0
60,0,0,0
60,0,0,0
9.43886,0,0,0
60,0,0,0
0.941882,0,0,0
60,0,0,0
60,0,0,0
60,0,0,0
1.4526,0,0,0
60,0,0,0
60,0,0,0
11.2814,0,0,0
0.835544,0,0,0
60,0,0,0
4.05873,0,0,0
60,0,0,0
3.19975,0,0,0
60,0,0,0
4.32995,0,0,0
10.8469,0,0,0
5.73391,0,0,0
60,0,0,0
11.167,0,0,0
11.3203,0,0,0
60,0,0,0
60,0,0,0
60,0,0,0
6.28473,0,0,0
8.95044,0,0,0
60,0,0,0
60,0,0,0
3.36961,0,0,0
7.92096,0,0,0
4.88205,0,0,0
7.70496,0,0,0
60,0,0,0
10.981,0,0,0
6.51303,0,0,0
2.28029,0,0,0
2.61834,0,0,0
1.99938,0,0,0
1.70856,0,0,0
60,0,0,0
9.99467,0,0,0
6.86088,0,0,0
8.00702,0,0,0
10.3192,0,0,0
2.75536,0,0,0
60,0,0,0
60,0,0,0
60,0,0,0
11.1208,0,0,0
9.46604,0,0,0
60,0,0,0
10.7464,0,0,0
0.920246,0,0,0
10.6171,0,0,0
10.287,0,0,0
60,0,0,0
60,0,0,0
1.40319,0,0,0
60,0,0,0
1.46314,0,0,0
6.27279,0,0,0
2.85829,0,0,0
60,0,0,0
2.8265,0,0,0
60,0,0,0
4.41845,0,0,0
3.33407,0,0,0
2.95058,0,0,0
10.8887,0,0,0
60,0,0,0
60,0,0,0
60,0,0,0
60,0,0,0
5.594,0,0,0
60,0,0,0
60,0,0,0
60,0,0,0
10.5167,0,0,0
35.7414,0,0,0
2.95467,0,0,0
5.69135,0,0,0
8.54543,0,0,0
60,0,0,0
1.80438,0,0,0
3.41125,0,0,0
60,0,0,0
2.12946,0,0,0
8.61316,0,0,0
7.53592,0,0,0
60,0,0,0
60,0,0,0
9.53071,0,0,0
60,0,0,0
60,0,0,0
60,0,0,0
3.76388,0,0,0
60,0,0,0
9.61788,0,0,0
9.91873,0,0,0
60,0,0,0
60,0,0,0
3.42478,0,0,0
1.32139,0,0,0
60,0,0,0
8.6575,0,0,0
7.95615,0,0,0
1.63968,0,0,0
2.55841,0,0,0
8.43945,0,0,0
10.3486,0,0,0
2.41062,0,0,0
3.1555,0,0,0
9.73455,0,0,0
60,0,0,0
8.74337,0,0,0
60,0,0,0
0.92514,0,0,0
1.61156,0,0,0
60,0,0,0
60,0,0,0
11.2208,0,0,0
4.99783,0,0,0
60,0,0,0
60,0,0,0
8.64028,0,0,0
7.60406,0,0,0
5.60949,0,0,0
10.752,0,0,0
7.82584,0,0,0
11.1674,0,0,0
6.93245,0,0,0
8.92253,0,0,0
10.7788,0,0,0
60,0,0,0
11.3304,0,0,0
60,0,0,0
60,0,0,0
1.72256,0,0,0
60,0,0,0
10.8971,0,0,0
9.45817,0,0,0
6.09661,0,0,0
9.30778,0,0,0
60,0,0,0
60,0,0,0
60,0,0,0
4.37214,0,0,0
3.44843,0,0,0
0.573827,0,0,0
0.365327,0,0,0
3.84453,0,0,0
60,0,0,0
4.06505,0,0,0
1.4393,0,0,0
60,0,0,0
60,0,0,0
60,0,0,0
1.3885,0,0,0
8.18591,0,0,0
60,0,0,0
60,0,0,0
10.2611,0,0,0
60,0,0,0
60,0,0,0
13.0682,0,0,0
9.78988,0,0,0
60,0,0,0
6.80464,0,0,0
5.4038,0,0,0
60,0,0,0
11.0975,0,0,0
11.0106,0,0,0
7.76826,0,0,0
10.6891,0,0,0
0.56808,0,0,0
0.823373,0,0,0
60,0,0,0
60,0,0,0
1.44597,0,0,0
7.26645,0,0,0
60,0,0,0
0.439068,0,0,0
60,0,0,0
1.06544,0,0,0
9.27976,0,0,0
9.7614,0,0,0
8.7792,0,0,0
7.31254,0,0,0
60,0,0,0
60,0,0,0
6.02533,0,0,0
60,0,0,0
4.65429,0,0,0
8.35712,0,0,0
60,0,0,0
9.72901,0,0,0
5.91834,0,0,0
2.11955,0,0,0
8.50631,0,0,0
10.6603,0,0,0
60,0,0,0
60,0,0,0
6.04222,0,0,0
60,0,0,0
0.235967,0,0,0
60,0,0,0
1.66523,0,0,0
6.98597,0,0,0
9.02854,0,0,0
60,0,0,0
8.2856,0,0,0
60,0,0,0
2.34273,0,0,0
60,0,0,0
60,0,0,0
60,0,0,0
2.4251,0,0,0
60,0,0,0
60,0,0,0
60,0,0,0
10.1393,0,0,0
60,0,0,0
4.34252,0,0,0
60,0,0,0
60,0,0,0
10.1554,0,0,0
60,0,0,0
10.216,0,0,0
6.67959,0,0,0
6.28984,0,0,0
2.77827,0,0,0
60,0,0,0
5.55164,0,0,0
60,0,0,0
60,0,0,0
60,0,0,0
60,0,0,0
60,0,0,0
60,0,0,0
60,0,0,0
60,0,0,0
60,0,0,0
6.64209,0,0,0
10.2333,0,0,0
1.61962,0,0,0
60,0,0,0
60,0,0,0
2.7433,0,0,0
0.706063,0,0,0
2.7784,0,0,0
2.42785,0,0,0
5.14321,0,0,0
60,0,0,0
3.04011,0,0,0
60,0,0,0
1.21212,0,0,0
1.33687,0,0,0
60,0,0,0
9.74955,0,0,0
10.9379,0,0,0
4.20769,0,0,0
1.68673,0,0,0
60,0,0,0
3.3644,0,0,0
0.15268,0,0,0
2.16387,0,0,0
60,0,0,0
60,0,0,0
1.43672,0,0,0
60,0,0,0
0.826891,0,0,0
60,0,0,0
1.1052,0,0,0
60,0,0,0
10.2721,0,0,0
60,0,0,0
0.742999,0,0,0
1.0601,0,0,0
60,0,0,0
60,0,0,0
60,0,0,0
7.12028,0,0,0
60,0,0,0
10.2686,0,0,0
60,0,0,0
1.40774,0,0,0
3.22753,0,0,0
9.57265,0,0,0
8.66487,0,0,0
10.9309,0,0,0
60,0,0,0
2.20896,0,0,0
9.78969,0,0,0
1.57375,0,0,0
6.86903,0,0,0
60,0,0,0
5.25789,0,0,0
10.0055,0,0,0
60,0,0,0
0.31344,0,0,0
60,0,0,0
1.66391,0,0,0
4.80206,0,0,0
7.52676,0,0,0
60,0,0,0
1.72786,0,0,0
60,0,0,0
3.71368,0,0,0
60,0,0,0
60,0,0,0
60,0,0,0
8.67405,0,0,0
8.25697,0,0,0
6.28319,0,0,0
60,0,0,0
60,0,0,0
1.78403,0,0,0
8.34513,0,0,0
60,0,0,0
3.98208,0,0,0
10.8551,0,0,0
11.1064,0,0,0
60,0,0,0
9.00729,0,0,0
2.57637,0,0,0
60,0,0,0
60,0,0,0
60,0,0,0
5.35396,0,0,0
6.94849,0,0,0
60,0,0,0
5.21564,0,0,0
3.23067,0,0,0
60,0,0,0
10.8015,0,0,0
9.74768,0,0,0
60,0,0,0
0.423973,0,0,0
9.29126,0,0,0
60,0,0,0
2.94771,0,0,0
60,0,0,0
6.28954,0,0,0
60,0,0,0
9.03086,0,0,0
0.90296,0,0,0
4.61486,0,0,0
7.16896,0,0,0
60,0,0,0
60,0,0,0
9.40398,0,0,0
60,0,0,0
1.87311,0,0,0
60,0,0,0
60,0,0,0
1.22611,0,0,0
9.60256,0,0,0
60,0,0,0
1.49528,0,0,0
7.72931,0,0,0
60,0,0,0
9.56398,0,0,0
60,0,0,0
8.18824,0,0,0
60,0,0,0
10.7839,0,0,0
3.66413,0,0,0
60,0,0,0
3.79972,0,0,0
9.83418,0,0,0
5.00311,0,0,0
1.31608,0,0,0
8.11853,0,0,0
8.24386,0,0,0
60,0,0,0
2.7633,0,0,0
7.00804,0,0,0
18.351,0,0,0
60,0,0,0
60,0,0,0
60,0,0,0
60,0,0,0
60,0,0,0
6.74062,0,0,0
60,0,0,0
3.83169,0,0,0
3.30279,0,0,0
60,0,0,0
1.31489,0,0,0
3.95985,0,0,0
10.3825,0,0,0
3.33881,0,0,0
7.32855,0,0,0
60,0,0,0
7.19075,0,0,0
1.66772,0,0,0
1.77135,0,0,0
8.60926,0,0,0
0.915009,0,0,0
4.69536,0,0,0
6.64825,0,0,0
60,0,0,0
2.90429,0,0,0
29.1274,0,0,0
9.52503,0,0,0
60,0,0,0
11.3881,0,0,0
9.90333,0,0,0
3.86395,0,0,0
60,0,0,0
60,0,0,0
60,0,0,0
12.5983,0,0,0
60,0,0,0
60,0,0,0
60,0,0,0
60,0,0,0
10.075,0,0,0
0.786784,0,0,0
60,0,0,0
60,0,0,0
60,0,0,0
60,0,0,0
2.30653,0,0,0
60,0,0,0
11.1596,0,0,0
5.77222,0,0,0
4.91675,0,0,0
6.92628,0,0,0
60,0,0,0
60,0,0,0
60,0,0,0
11.3411,0,0,0
1.80588,0,0,0
1.94124,0,0,0
9.23863,0,0,0
8.77292,0,0,0
8.25059,0,0,0
10.9418,0,0,0
8.87146,0,0,0
60,0,0,0
60,0,0,0
3.59429,0,0,0
60,0,0,0
2.70412,0,0,0
60,0,0,0
9.64308,0,0,0
5.37996,0,0,0
20.3668,0,0,0
60,0,0,0
12.7174,0,0,0
8.67797,0,0,0
60,0,0,0
2.32703,0,0,0
4.90551,0,0,0
60,0,0,0
60,0,0,0
8.20341,0,0,0
5.78651,0,0,0
60,0,0,0
60,0,0,0
60,0,0,0
60,0,0,0
11.3566,0,0,0
60,0,0,0
60,0,0,0
5.39151,0,0,0
60,0,0,0
2.56931,0,0,0
5.17965,0,0,0
60,0,0,0
1.62648,0,0,0
60,0,0,0
3.68038,0,0,0
60,0,0,0
2.14276,0,0,0
60,0,0,0
28.4936,0,0,0
10.9705,0,0,0
11.0011,0,0,0
1.22847,0,0,0
60,0,0,0
60,0,0,0
4.81778,0,0,0
4.69504,0,0,0
60,0,0,0
1.09293,0,0,0
60,0,0,0
7.79468,0,0,0
60,0,0,0
60,0,0,0
9.46248,0,0,0
8.36265,0,0,0
9.72754,0,0,0
7.4809,0,0,0
60,0,0,0
60,0,0,0
6.10549,0,0,0
60,0,0,0
60,0,0,0
60,0,0,0
60,0,0,0
60,0,0,0
9.71623,0,0,0
11.1262,0,0,0
3.76795,0,0,0
60,0,0,0
11.2264,0,0,0
10.4073,0,0,0
6.81991,0,0,0
60,0,0,0
0.228378,0,0,0
4.22264,0,0,0
5.48127,0,0,0
7.7577,0,0,0
60,0,0,0
5.61545,0,0,0
60,0,0,0
60,0,0,0
6.61072,0,0,0
60,0,0,0
7.10871,0,0,0
60,0,0,0
7.31669,0,0,0
9.28517,0,0,0
60,0,0,0
60,0,0,0
60,0,0,0
60,0,0,0
9.17721,0,0,0
2.89676,0,0,0
60,0,0,0
60,0,0,0
60,0,0,0
0.944497,0,0,0
3.49459,0,0,0
60,0,0,0
60,0,0,0
0.900835,0,0,0
2.83657,0,0,0
10.0942,0,0,0
3.40705,0,0,0
9.22608,0,0,0
60,0,0,0
7.23941,0,0,0
60,0,0,0
3.03075,0,0,0
60,0,0,0
60,0,0,0
7.13201,0,0,0
6.37281,0,0,0
6.17242,0,0,0
1.85195,0,0,0
4.80467,0,0,0
60,0,0,0
4.9659,0,0,0
10.5227,0,0,0
6.08837,0,0,0
60,0,0,0
10.9361,0,0,0
60,0,0,0
10.3127,0,0,0
60,0,0,0
0.543127,0,0,0
0.557744,0,0,0
60,0,0,0
0.846155,0,0,0
2.18682,0,0,0
6.64199,0,0,0
6.59859,0,0,0
60,0,0,0
5.82845,0,0,0
60,0,0,0
6.31006,0,0,0
60,0,0,0
60,0,0,0
60,0,0,0
60,0,0,0
10.6818,0,0,0
0.749772,0,0,0
2.26003,0,0,0
6.4013,0,0,0
10.9327,0,0,0
60,0,0,0
3.82948,0,0,0
60,0,0,0
60,0,0,0
11.3745,0,0,0
60,0,0,0
60,0,0,0
9.71942,0,0,0
7.04177,0,0,0
4.01091,0,0,0
10.4076,0,0,0
60,0,0,0
1.30276,0,0,0
8.39939,0,0,0
60,0,0,0
60,0,0,0
60,0,0,0
3.27346,0,0,0
7.69581,0,0,0
7.63018,0,0,0
60,0,0,0
18.3348,0,0,0
5.35459,0,0,0
1.32153,0,0,0
60,0,0,0
60,0,0,0
0.236771,0,0,0
60,0,0,0
10.8857,0,0,0
3.21415,0,0,0
8.4189,0,0,0
60,0,0,0
9.41703,0,0,0
60,0,0,0
3.58863,0,0,0
8.47184,0,0,0
9.35306,0,0,0
6.62336,0,0,0
60,0,0,0
8.7847,0,0,0
4.98492,0,0,0
60,0,0,0
60,0,0,0
60,0,0,0
60,0,0,0
8.54719,0,0,0
60,0,0,0
60,0,0,0
60,0,0,0
4.57839,0,0,0
10.8575,0,0,0
60,0,0,0
5.35873,0,0,0
9.72757,0,0,0
60,0,0,0
3.78349,0,0,0
60,0,0,0
60,0,0,0
6.32874,0,0,0
60,0,0,0
60,0,0,0
8.54882,0,0,0
60,0,0,0
1.01303,0,0,0
60,0,0,0
10.9624,0,0,0
60,0,0,0
10.9235,0,0,0
2.26231,0,0,0
10.7644,0,0,0
60,0,0,0
60,0,0,0
8.86974,0,0,0
60,0,0,0
60,0,0,0
60,0,0,0
2.21271,0,0,0
60,0,0,0
60,0,0,0
60,0,0,0
4.09528,0,0,0
3.08306,0,0,0
0.671815,0,0,0
8.21052,0,0,0
10.5208,0,0,0
8.59121,0,0,0
60,0,0,0
10.4701,0,0,0
9.56318,0,0,0
60,0,0,0
0.314912,0,0,0
4.84965,0,0,0
5.49048,0,0,0
11.0833,0,0,0
3.1188,0,0,0
9.29561,0,0,0
4.7103,0,0,0
60,0,0,0
60,0,0,0
60,0,0,0
8.81599,0,0,0
3.69945,0,0,0
60,0,0,0
60,0,0,0
60,0,0,0
1.65037,0,0,0
60,0,0,0
0.358748,0,0,0
60,0,0,0
60,0,0,0
1.83678,0,0,0
60,0,0,0
8.08586,0,0,0
5.2022,0,0,0
2.57018,0,0,0
11.1613,0,0,0
60,0,0,0
60,0,0,0
10.2939,0,0,0
2.0306,0,0,0
2.7786,0,0,0
60,0,0,0
6.53557,0,0,0
60,0,0,0
0.58069,0,0,0
4.71033,0,0,0
60,0,0,0
8.20159,0,0,0
60,0,0,0
1.46988,0,0,0
60,0,0,0
60,0,0,0
60,0,0,0
8.27391,0,0,0
60,0,0,0
60,0,0,0
60,0,0,0
0.966717,0,0,0
10.4526,0,0,0
3.95742,0,0,0
3.80889,0,0,0
4.84883,0,0,0
60,0,0,0
6.14784,0,0,0
10.6782,0,0,0
60,0,0,0
60,0,0,0
60,0,0,0
60,0,0,0
10.1434,0,0,0
1.77244,0,0,0
60,0,0,0
60,0,0,0
60,0,0,0
0.482581,0,0,0
2.71183,0,0,0
3.69247,0,0,0
60,0,0,0
60,0,0,0
60,0,0,0
60,0,0,0
8.75184,0,0,0
5.40816,0,0,0
60,0,0,0
2.58293,0,0,0
60,0,0,0
2.39526,0,0,0
9.73807,0,0,0
3.15209,0,0,0
3.40387,0,0,0
60,0,0,0
60,0,0,0
2.83952,0,0,0
60,0,0,0
60,0,0,0
60,0,0,0
60,0,0,0
60,0,0,0
60,0,0,0
60,0,0,0
60,0,0,0
2.97356,0,0,0
6.57917,0,0,0
60,0,0,0
60,0,0,0
60,0,0,0
60,0,0,0
7.18655,0,0,0
6.79791,0,0,0
2.57964,0,0,0
5.56846,0,0,0
13.5992,0,0,0
60,0,0,0
60,0,0,0
10.064,0,0,0
60,0,0,0
60,0,0,0
8.02372,0,0,0
8.31814,0,0,0
60,0,0,0
9.52985,0,0,0
14.0272,0,0,0
60,0,0,0
60,0,0,0
60,0,0,0
60,0,0,0
3.89907,0,0,0
2.10794,0,0,0
60,0,0,0
60,0,0,0
1.04866,0,0,0
1.8497,0,0,0
2.17908,0,0,0
60,0,0,0
60,0,0,0
11.0596,0,0,0
3.56498,0,0,0
2.58056,0,0,0
27.5642,0,0,0
1.15868,0,0,0
11.0837,0,0,0
1.98536,0,0,0
60,0,0,0
60,0,0,0
2.61948,0,0,0
10.6282,0,0,0
60,0,0,0
9.06047,0,0,0
59.5952,0,0,0
60,0,0,0
60,0,0,0
60,0,0,0
9.92712,0,0,0
0.612835,0,0,0
60,0,0,0
60,0,0,0
9.22378,0,0,0
0.161707,0,0,0
60,0,0,0
60,0,0,0
60,0,0,0
10.6046,0,0,0
8.15887,0,0,0
60,0,0,0
60,0,0,0
5.41148,0,0,0
6.0535,0,0,0
6.46843,0,0,0
4.77375,0,0,0
60,0,0,0
60,0,0,0
5.60132,0,0,0
60,0,0,0
5.79804,0,0,0
60,0,0,0
60,0,0,0
60,0,0,0
7.27441,0,0,0
2.26941,0,0,0
1.10098,0,0,0
1.23197,0,0,0
60,0,0,0
60,0,0,0
0.166791,0,0,0
60,0,0,0
60,0,0,0
4.53411,0,0,0
60,0,0,0
6.99061,0,0,0
6.1001,0,0,0
4.59562,0,0,0
1.19773,0,0,0
10.9967,0,0,0
10.288,0,0,0
60,0,0,0
6.08634,0,0,0
4.2517,0,0,0
2.73334,0,0,0
8.00716,0,0,0
60,0,0,0
60,0,0,0
60,0,0,0
60,0,0,0
60,0,0,0
5.76708,0,0,0
60,0,0,0
9.47781,0,0,0
0.30843,0,0,0
60,0,0,0
0.512867,0,0,0
60,0,0,0
4.20331,0,0,0
60,0,0,0
10.5131,0,0,0
60,0,0,0
60,0,0,0
2.32861,0,0,0
0.761596,0,0,0
60,0,0,0
5.51714,0,0,0
5.28867,0,0,0
5.07706,0,0,0
2.12014,0,0,0
60,0,0,0
2.97405,0,0,0
60,0,0,0
60,0,0,0
60,0,0,0
60,0,0,0
11.1594,0,0,0
2.0347,0,0,0
60,0,0,0
2.64247,0,0,0
0.245249,0,0,0
9.50689,0,0,0
60,0,0,0
60,0,0,0
8.86165,0,0,0
3.94497,0,0,0
0.649754,0,0,0
60,0,0,0
3.55729,0,0,0
60,0,0,0
60,0,0,0
60,0,0,0
60,0,0,0
0.75506,0,0,0
60,0,0,0
48.6306,0,0,0
60,0,0,0
2.71436,0,0,0
0.288269,0,0,0
7.67533,0,0,0
6.01211,0,0,0
60,0,0,0
2.08965,0,0,0
1.16625,0,0,0
29.2143,0,0,0
10.6393,0,0,0
60,0,0,0
60,0,0,0
0.489077,0,0,0
3.72968,0,0,0
8.0916,0,0,0
7.10436,0,0,0
6.09745,0,0,0
60,0,0,0
60,0,0,0
60,0,0,0
5.76819,0,0,0
60,0,0,0
60,0,0,0
11.0109,0,0,0
2.63009,0,0,0
2.748,0,0,0
4.77841,0,0,0
11.15,0,0,0
0.557588,0,0,0
4.34015,0,0,0
60,0,0,0
5.78246,0,0,0
60,0,0,0
60,0,0,0
7.68668,0,0,0
0.614711,0,0,0
7.38503,0,0,0
60,0,0,0
60,0,0,0
3.36827,0,0,0
60,0,0,0
60,0,0,0
10.9109,0,0,0
60,0,0,0
60,0,0,0
60,0,0,0
60,0,0,0
10.4191,0,0,0
60,0,0,0
2.93204,0,0,0
7.9982,0,0,0
60,0,0,0
2.86765,0,0,0
6.49733,0,0,0
58.2795,0,0,0
1.06858,0,0,0
8.1242,0,0,0
0.254522,0,0,0
7.01371,0,0,0
60,0,0,0
11.3698,0,0,0
60,0,0,0
2.36069,0,0,0
0.342009,0,0,0
7.85582,0,0,0
10.8737,0,0,0
60,0,0,0
60,0,0,0
60,0,0,0
60,0,0,0
3.50884,0,0,0
60,0,0,0
11.2785,0,0,0
60,0,0,0
2.97758,0,0,0
1.40523,0,0,0
4.24206,0,0,0
60,0,0,0
60,0,0,0
9.41243,0,0,0
60,0,0,0
60,0,0,0
9.57556,0,0,0
60,0,0,0
4.48382,0,0,0
60,0,0,0
3.96153,0,0,0
60,0,0,0
2.97688,0,0,0
8.26488,0,0,0
9.12571,0,0,0
4.66221,0,0,0
15.2415,0,0,0
2.58881,0,0,0
7.70283,0,0,0
11.1375,0,0,0
60,0,0,0
60,0,0,0
2.48399,0,0,0
60,0,0,0
4.91476,0,0,0
4.47139,0,0,0
60,0,0,0
60,0,0,0
0.343758,0,0,0
1.78423,0,0,0
11.2915,0,0,0
60,0,0,0
0.894854,0,0,0
7.9804,0,0,0
60,0,0,0
3.31958,0,0,0
60,0,0,0
0.500853,0,0,0
0.546144,0,0,0
5.04769,0,0,0
60,0,0,0
1.90674,0,0,0
60,0,0,0
3.95146,0,0,0
6.5762,0,0,0
3.16325,0,0,0
6.50097,0,0,0
0.408934,0,0,0
3.52302,0,0,0
11.3783,0,0,0
60,0,0,0
60,0,0,0
41.66,0,0,0
0.939438,0,0,0
10.1094,0,0,0
60,0,0,0
60,0,0,0
3.76971,0,0,0
60,0,0,0
8.85332,0,0,0
9.49728,0,0,0
60,0,0,0
1.61606,0,0,0
60,0,0,0
6.80655,0,0,0
60,0,0,0
60,0,0,0
0.166754,0,0,0
60,0,0,0
7.41252,0,0,0
60,0,0,0
60,0,0,0
60,0,0,0
9.78398,0,0,0
60,0,0,0
60,0,0,0
9.12057,0,0,0
2.02195,0,0,0
60,0,0,0
6.86208,0,0,0
6.00819,0,0,0
60,0,0,0
10.1582,0,0,0
5.19301,0,0,0
60,0,0,0
9.96243,0,0,0
8.66607,0,0,0
60,0,0,0
0.655851,0,0,0
5.66249,0,0,0
5.44221,0,0,0
0.40724,0,0,0
60,0,0,0
11.3504,0,0,0
6.76176,0,0,0
60,0,0,0
3.27029,0,0,0
1.0155,0,0,0
3.01232,0,0,0
60,0,0,0
5.80858,0,0,0
60,0,0,0
60,0,0,0
60,0,0,0
60,0,0,0
10.16,0,0,0
8.61581,0,0,0
4.74966,0,0,0
60,0,0,0
8.92032,0,0,0
9.94429,0,0,0
60,0,0,0
60,0,0,0
3.13324,0,0,0
60,0,0,0
60,0,0,0
0.955231,0,0,0
60,0,0,0
6.53565,0,0,0
60,0,0,0
11.2317,0,0,0
7.61574,0,0,0
60,0,0,0
2.92098,0,0,0
60,0,0,0
60,0,0,0
60,0,0,0
60,0,0,0
3.39701,0,0,0
10.3181,0,0,0
2.20032,0,0,0
60,0,0,0
7.14298,0,0,0
60,0,0,0
60,0,0,0
7.78624,0,0,0
2.99171,0,0,0
60,0,0,0
3.84056,0,0,0
60,0,0,0
60,0,0,0
60,0,0,0
60,0,0,0
10.2056,0,0,0
9.8773,0,0,0
9.30246,0,0,0
8.06203,0,0,0
60,0,0,0
60,0,0,0
9.12282,0,0,0
60,0,0,0
60,0,0,0
60,0,0,0
60,0,0,0
10.0997,0,0,0
60,0,0,0
8.27941,0,0,0
60,0,0,0
12.6816,0,0,0
60,0,0,0
60,0,0,0
0.856203,0,0,0
4.20186,0,0,0
60,0,0,0
60,0,0,0
60,0,0,0
4.77934,0,0,0
7.20321,0,0,0
9.91829,0,0,0
9.15785,0,0,0
60,0,0,0
7.67669,0,0,0
60,0,0,0
60,0,0,0
10.0976,0,0,0
60,0,0,0
60,0,0,0
1.8369,0,0,0
60,0,0,0
4.39586,0,0,0
60,0,0,0
60,0,0,0
6.12653,0,0,0
12.8795,0,0,0
10.9213,0,0,0
10.0489,0,0,0
60,0,0,0
4.44175,0,0,0
8.52802,0,0,0
60,0,0,0
8.97595,0,0,0
8.67077,0,0,0
0.38204,0,0,0
60,0,0,0
60,0,0,0
9.74447,0,0,0
1.71723,0,0,0
5.14821,0,0,0
60,0,0,0
8.49876,0,0,0
7.79302,0,0,0
60,0,0,0
1.44501,0,0,0
60,0,0,0
10.0399,0,0,0
3.44483,0,0,0
2.86402,0,0,0
4.00249,0,0,0
60,0,0,0
4.15692,0,0,0
60,0,0,0
8.807,0,0,0
9.19987,0,0,0
60,0,0,0
60,0,0,0
9.1732,0,0,0
0.361165,0,0,0
10.799,0,0,0
6.87061,0,0,0
1.68328,0,0,0
60,0,0,0
8.49943,0,0,0
60,0,0,0
60,0,0,0
6.88743,0,0,0
8.46048,0,0,0
11.1402,0,0,0
9.17315,0,0,0
9.98534,0,0,0
7.79617,0,0,0
4.64746,0,0,0
60,0,0,0
60,0,0,0
60,0,0,0
60,0,0,0
60,0,0,0
60,0,0,0
8.19516,0,0,0
60,0,0,0
8.95674,0,0,0
60,0,0,0
1.43562,0,0,0
60,0,0,0
