20966.000
20831.000
21067.000
21221.000
20782.000
21060.000
21168.000
20939.000
21085.000
21121.000
21042.000
21042.000
21055.000
20924.000
21053.000
21134.000
20948.000
20905.000
20685.000
20662.000
21203.000
20968.000
20927.000
21250.000
20991.000
20753.000
21096.000
20872.000
20957.000
20861.000
20625.000
21028.000
21116.000
20969.000
20951.000
20933.000
21060.000
21019.000
21019.000
21191.000
20898.000
20657.000
21008.000
20792.000
20755.000
21025.000
20872.000
20790.000
20815.000
20924.000
20966.000
20977.000
20805.000
21194.000
20839.000
21056.000
21021.000
21070.000
20792.000
20919.000
20781.000
20849.000
20936.000
21037.000
21046.000
20644.000
20851.000
21158.000
20932.000
21022.000
21034.000
20932.000
21196.000
20801.000
21045.000
20732.000
20648.000
20764.000
20835.000
20967.000
21020.000
20939.000
20742.000
20905.000
20932.000
20951.000
20813.000
20919.000
20719.000
21012.000
21191.000
21112.000
20995.000
20904.000
20701.000
20992.000
20825.000
20924.000
21067.000
21046.000
