EnergyDepositedInSi, SourceZ, SiAngleOffAxis, AbsorberThickness
51.6739,-30,0,0
334.649,-30,0,0
38.5726,-30,0,0
101.093,-30,0,0
135.917,-30,0,0
87.2567,-30,0,0
170.375,-30,0,0
218.245,-30,0,0
83.8815,-30,0,0
105.851,-30,0,0
132.221,-30,0,0
262.031,-30,0,0
273.272,-30,0,0
77.3318,-30,0,0
134.953,-30,0,0
330.616,-30,0,0
69.6809,-30,0,0
424.899,-30,0,0
112.925,-30,0,0
333.95,-30,0,0
97.4364,-30,0,0
218.777,-30,0,0
103.989,-30,0,0
28.8646,-30,0,0
88.6701,-30,0,0
57.6756,-30,0,0
112.926,-30,0,0
104.301,-30,0,0
77.6263,-30,0,0
90.2465,-30,0,0
102.733,-30,0,0
81.5723,-30,0,0
25.1232,-30,0,0
118.83,-30,0,0
120.356,-30,0,0
365.572,-30,0,0
126.9,-30,0,0
96.8756,-30,0,0
113.332,-30,0,0
138.587,-30,0,0
28.2542,-30,0,0
153.101,-30,0,0
159.954,-30,0,0
219.719,-30,0,0
222.197,-30,0,0
46.1037,-30,0,0
123.579,-30,0,0
93.2478,-30,0,0
110.854,-30,0,0
195.309,-30,0,0
88.7763,-30,0,0
111.76,-30,0,0
100.104,-30,0,0
145.188,-30,0,0
53.7503,-30,0,0
223.323,-30,0,0
274.265,-30,0,0
145.643,-30,0,0
214.965,-30,0,0
106.862,-30,0,0
118.927,-30,0,0
151.697,-30,0,0
7.90865,-30,0,0
117.825,-30,0,0
519.03,-30,0,0
139.193,-30,0,0
145.188,-30,0,0
10.8428,-30,0,0
220.247,-30,0,0
173.721,-30,0,0
265.582,-30,0,0
94.5259,-30,0,0
83.6544,-30,0,0
175.212,-30,0,0
105.834,-30,0,0
203.616,-30,0,0
181.294,-30,0,0
77.3472,-30,0,0
99.428,-30,0,0
104.059,-30,0,0
71.9645,-30,0,0
200.984,-30,0,0
331.655,-30,0,0
102.765,-30,0,0
247.844,-30,0,0
109.118,-30,0,0
74.9237,-30,0,0
213.622,-30,0,0
198.17,-30,0,0
154.217,-30,0,0
169.546,-30,0,0
196.09,-30,0,0
194.306,-30,0,0
333.037,-30,0,0
164.92,-30,0,0
493.125,-30,0,0
508.724,-30,0,0
104.045,-30,0,0
145.84,-30,0,0
91.3133,-30,0,0
325.455,-30,0,0
92.2758,-30,0,0
107.302,-30,0,0
96.9875,-30,0,0
571.334,-30,0,0
384.014,-30,0,0
249.885,-30,0,0
273.538,-30,0,0
94.4134,-30,0,0
283.308,-30,0,0
194.365,-30,0,0
396.653,-30,0,0
211.454,-30,0,0
98.3604,-30,0,0
86.2812,-30,0,0
335.928,-30,0,0
108.745,-30,0,0
82.1978,-30,0,0
227.074,-30,0,0
129.869,-30,0,0
121.256,-30,0,0
188.812,-30,0,0
122.168,-30,0,0
98.438,-30,0,0
144.148,-30,0,0
118.452,-30,0,0
113.45,-30,0,0
139.869,-30,0,0
104.18,-30,0,0
94.2503,-30,0,0
85.4268,-30,0,0
124.957,-30,0,0
135.959,-30,0,0
289.633,-30,0,0
420.496,-30,0,0
93.6558,-30,0,0
231.935,-30,0,0
299.42,-30,0,0
98.7005,-30,0,0
123.813,-30,0,0
39.4216,-30,0,0
219.039,-30,0,0
819.464,-30,0,0
110.676,-30,0,0
118.971,-30,0,0
122.962,-30,0,0
184.356,-30,0,0
86.7639,-30,0,0
112.17,-30,0,0
110.258,-30,0,0
262.012,-30,0,0
36.1294,-30,0,0
271.237,-30,0,0
55.9246,-30,0,0
141.313,-30,0,0
104.626,-30,0,0
132.018,-30,0,0
87.3561,-30,0,0
95.7532,-30,0,0
51.8344,-30,0,0
260.189,-30,0,0
111.869,-30,0,0
100.463,-30,0,0
230.773,-30,0,0
356.835,-30,0,0
205.273,-30,0,0
183.16,-30,0,0
215.507,-30,0,0
167.812,-30,0,0
102.475,-30,0,0
97.0963,-30,0,0
122.072,-30,0,0
119.545,-30,0,0
404.527,-30,0,0
191.331,-30,0,0
159.683,-30,0,0
95.051,-30,0,0
126.089,-30,0,0
184.439,-30,0,0
198.95,-30,0,0
157.579,-30,0,0
69.0124,-30,0,0
170.84,-30,0,0
395.504,-30,0,0
85.436,-30,0,0
85.2248,-30,0,0
187.146,-30,0,0
226.16,-30,0,0
866.453,-30,0,0
111.881,-30,0,0
319.084,-30,0,0
46.7332,-30,0,0
93.377,-30,0,0
79.227,-30,0,0
194.657,-30,0,0
159.44,-30,0,0
225.091,-30,0,0
87.0935,-30,0,0
404.719,-30,0,0
47.9208,-30,0,0
310.304,-30,0,0
138.566,-30,0,0
167.541,-30,0,0
249.163,-30,0,0
240.918,-30,0,0
102.452,-30,0,0
120.453,-30,0,0
183.647,-30,0,0
21.9558,-30,0,0
218.938,-30,0,0
125.364,-30,0,0
60.9022,-30,0,0
131.606,-30,0,0
126.972,-30,0,0
62.737,-30,0,0
50.8188,-30,0,0
99.0819,-30,0,0
108.426,-30,0,0
68.1743,-30,0,0
235.326,-30,0,0
93.0098,-30,0,0
160.837,-30,0,0
89.5192,-30,0,0
263.41,-30,0,0
107.146,-30,0,0
226.603,-30,0,0
51.8813,-30,0,0
200.53,-30,0,0
101.012,-30,0,0
163.95,-30,0,0
96.5395,-30,0,0
237.517,-30,0,0
125.384,-30,0,0
110.537,-30,0,0
90.3512,-30,0,0
21.6265,-30,0,0
189.094,-30,0,0
92.7294,-30,0,0
88.5895,-30,0,0
100.204,-30,0,0
127.531,-30,0,0
126.099,-30,0,0
190.673,-30,0,0
96.8075,-30,0,0
101.018,-30,0,0
421.239,-30,0,0
181.352,-30,0,0
81.1559,-30,0,0
76.735,-30,0,0
94.9606,-30,0,0
149.073,-30,0,0
171.913,-30,0,0
245.459,-30,0,0
200.355,-30,0,0
53.4015,-30,0,0
189.896,-30,0,0
122.107,-30,0,0
485.94,-30,0,0
308.978,-30,0,0
202.772,-30,0,0
108.666,-30,0,0
239.272,-30,0,0
126.193,-30,0,0
105.875,-30,0,0
161.421,-30,0,0
78.8961,-30,0,0
269.636,-30,0,0
465.819,-30,0,0
35.3072,-30,0,0
100.881,-30,0,0
436.793,-30,0,0
309.479,-30,0,0
278.779,-30,0,0
102.105,-30,0,0
108.143,-30,0,0
256.394,-30,0,0
98.4783,-30,0,0
420.777,-30,0,0
269.562,-30,0,0
232.125,-30,0,0
88.0619,-30,0,0
600.081,-30,0,0
721.54,-30,0,0
105.032,-30,0,0
366.647,-30,0,0
293.153,-30,0,0
109.624,-30,0,0
92.4608,-30,0,0
89.9546,-30,0,0
23.1488,-30,0,0
162.324,-30,0,0
179.025,-30,0,0
66.3422,-30,0,0
190.315,-30,0,0
128.018,-30,0,0
101.334,-30,0,0
115.793,-30,0,0
226.465,-30,0,0
151.47,-30,0,0
85.0237,-30,0,0
156.373,-30,0,0
149.177,-30,0,0
129.768,-30,0,0
331.785,-30,0,0
261.456,-30,0,0
339.992,-30,0,0
178.96,-30,0,0
230.591,-30,0,0
208.499,-30,0,0
264.232,-30,0,0
112.586,-30,0,0
116.559,-30,0,0
92.0702,-30,0,0
120.4,-30,0,0
83.1231,-30,0,0
244.724,-30,0,0
269.747,-30,0,0
97.7147,-30,0,0
107.054,-30,0,0
134.969,-30,0,0
227.346,-30,0,0
123.004,-30,0,0
243.801,-30,0,0
142.191,-30,0,0
83.0454,-30,0,0
81.7479,-30,0,0
165.877,-30,0,0
92.3455,-30,0,0
68.1074,-30,0,0
139.112,-30,0,0
161.34,-30,0,0
214.873,-30,0,0
119.861,-30,0,0
79.2005,-30,0,0
109.527,-30,0,0
12.5994,-30,0,0
58.0003,-30,0,0
112.295,-30,0,0
215.087,-30,0,0
94.367,-30,0,0
91.7184,-30,0,0
110.717,-30,0,0
92.2304,-30,0,0
154.117,-30,0,0
162.454,-30,0,0
99.2832,-30,0,0
21.9408,-30,0,0
70.7995,-30,0,0
362.904,-30,0,0
82.881,-30,0,0
72.3922,-30,0,0
328.626,-30,0,0
91.3307,-30,0,0
523.205,-30,0,0
120.126,-30,0,0
68.4385,-30,0,0
157.971,-30,0,0
14.1246,-30,0,0
91.2601,-30,0,0
104.1,-30,0,0
121.933,-30,0,0
100.793,-30,0,0
212.187,-30,0,0
109.159,-30,0,0
76.3508,-30,0,0
154.299,-30,0,0
81.437,-30,0,0
97.5824,-30,0,0
292.195,-30,0,0
266.06,-30,0,0
136.874,-30,0,0
156.283,-30,0,0
76.216,-30,0,0
152.582,-30,0,0
107.433,-30,0,0
262.632,-30,0,0
126.615,-30,0,0
174.287,-30,0,0
88.5132,-30,0,0
94.8788,-30,0,0
95.1518,-30,0,0
107.93,-30,0,0
149.467,-30,0,0
112.427,-30,0,0
165.175,-30,0,0
157.324,-30,0,0
92.4594,-30,0,0
379.211,-30,0,0
171.392,-30,0,0
93.8375,-30,0,0
98.4603,-30,0,0
149.296,-30,0,0
213.728,-30,0,0
175.031,-30,0,0
707.602,-30,0,0
161.507,-30,0,0
80.3574,-30,0,0
106.987,-30,0,0
558.839,-30,0,0
145.789,-30,0,0
133.877,-30,0,0
199.391,-30,0,0
102.126,-30,0,0
53.7011,-30,0,0
434.118,-30,0,0
198.06,-30,0,0
176.81,-30,0,0
79.0078,-30,0,0
204.033,-30,0,0
148.694,-30,0,0
359.675,-30,0,0
8.2416,-30,0,0
231.657,-30,0,0
445.834,-30,0,0
175.479,-30,0,0
202.727,-30,0,0
79.3827,-30,0,0
85.5469,-30,0,0
99.7738,-30,0,0
169.599,-30,0,0
354.966,-30,0,0
93.603,-30,0,0
282.848,-30,0,0
100.491,-30,0,0
87.8561,-30,0,0
222.052,-30,0,0
94.7339,-30,0,0
128.881,-30,0,0
367.398,-30,0,0
70.0047,-30,0,0
87.8625,-30,0,0
84.3762,-30,0,0
120.427,-30,0,0
157.636,-30,0,0
99.2915,-30,0,0
91.6801,-30,0,0
310.435,-30,0,0
88.6846,-30,0,0
167.19,-30,0,0
16.0398,-30,0,0
185.077,-30,0,0
270.83,-30,0,0
348.876,-30,0,0
213.44,-30,0,0
110.127,-30,0,0
208.32,-30,0,0
105.44,-30,0,0
106.401,-30,0,0
22.8082,-30,0,0
144.684,-30,0,0
82.9405,-30,0,0
488.169,-30,0,0
183.111,-30,0,0
172.805,-30,0,0
84.3679,-30,0,0
413.257,-30,0,0
279.264,-30,0,0
258.773,-30,0,0
59.2246,-30,0,0
114.168,-30,0,0
97.7917,-30,0,0
339.022,-30,0,0
89.6881,-30,0,0
40.0458,-30,0,0
104.957,-30,0,0
198.628,-30,0,0
35.9329,-30,0,0
135.112,-30,0,0
255.013,-30,0,0
40.0994,-30,0,0
140.688,-30,0,0
89.1226,-30,0,0
112.162,-30,0,0
91.5356,-30,0,0
120.712,-30,0,0
564.08,-30,0,0
398.149,-30,0,0
94.9303,-30,0,0
250.292,-30,0,0
14.3692,-30,0,0
46.7036,-30,0,0
109.263,-30,0,0
137.063,-30,0,0
306.638,-30,0,0
101.566,-30,0,0
248.158,-30,0,0
279.556,-30,0,0
265.405,-30,0,0
275.941,-30,0,0
92.2779,-30,0,0
133.26,-30,0,0
99.0905,-30,0,0
136.05,-30,0,0
92.0868,-30,0,0
95.9056,-30,0,0
69.946,-30,0,0
113.129,-30,0,0
82.6491,-30,0,0
117.214,-30,0,0
174.239,-30,0,0
118.993,-30,0,0
189.515,-30,0,0
374.581,-30,0,0
91.8042,-30,0,0
77.6048,-30,0,0
111.348,-30,0,0
155.464,-30,0,0
96.5819,-30,0,0
110.508,-30,0,0
275.106,-30,0,0
87.5782,-30,0,0
207.231,-30,0,0
223.021,-30,0,0
100.708,-30,0,0
107.938,-30,0,0
74.6309,-30,0,0
538.315,-30,0,0
177.249,-30,0,0
191.22,-30,0,0
132.692,-30,0,0
144.334,-30,0,0
148.243,-30,0,0
112.425,-30,0,0
90.5585,-30,0,0
246.457,-30,0,0
184.834,-30,0,0
85.3427,-30,0,0
140.538,-30,0,0
205.564,-30,0,0
276.643,-30,0,0
210.298,-30,0,0
147.363,-30,0,0
105.959,-30,0,0
291.147,-30,0,0
169.168,-30,0,0
140.648,-30,0,0
120.758,-30,0,0
237.873,-30,0,0
170.817,-30,0,0
158.452,-30,0,0
94.066,-30,0,0
140.059,-30,0,0
327.289,-30,0,0
275.334,-30,0,0
98.1707,-30,0,0
329.566,-30,0,0
245.519,-30,0,0
221.261,-30,0,0
73.7364,-30,0,0
116.083,-30,0,0
314.954,-30,0,0
336.619,-30,0,0
129.602,-30,0,0
96.6953,-30,0,0
89.3803,-30,0,0
229.762,-30,0,0
121.22,-30,0,0
49.9215,-30,0,0
306.183,-30,0,0
90.8139,-30,0,0
268.495,-30,0,0
199.483,-30,0,0
98.1655,-30,0,0
85.5783,-30,0,0
105.283,-30,0,0
172.812,-30,0,0
108.79,-30,0,0
95.4917,-30,0,0
215.608,-30,0,0
106.137,-30,0,0
118.876,-30,0,0
246.663,-30,0,0
378.669,-30,0,0
445.538,-30,0,0
34.7205,-30,0,0
96.7647,-30,0,0
158.778,-30,0,0
402.41,-30,0,0
92.7555,-30,0,0
124.701,-30,0,0
443.215,-30,0,0
113.619,-30,0,0
418.67,-30,0,0
517.29,-30,0,0
104.562,-30,0,0
108.389,-30,0,0
123.011,-30,0,0
84.9455,-30,0,0
136.026,-30,0,0
326.107,-30,0,0
88.1503,-30,0,0
133.766,-30,0,0
148.046,-30,0,0
85.4634,-30,0,0
195.912,-30,0,0
589.912,-30,0,0
180.083,-30,0,0
252.823,-30,0,0
139.106,-30,0,0
136.096,-30,0,0
107.447,-30,0,0
178.618,-30,0,0
349.432,-30,0,0
117.602,-30,0,0
277.46,-30,0,0
96.0762,-30,0,0
33.0574,-30,0,0
121.171,-30,0,0
175.303,-30,0,0
127.879,-30,0,0
163.903,-30,0,0
103.549,-30,0,0
311.574,-30,0,0
138.409,-30,0,0
149.31,-30,0,0
81.8977,-30,0,0
100.966,-30,0,0
85.4053,-30,0,0
86.1467,-30,0,0
314.31,-30,0,0
103.783,-30,0,0
255.492,-30,0,0
154.778,-30,0,0
315.971,-30,0,0
289.423,-30,0,0
356.907,-30,0,0
100.431,-30,0,0
348.669,-30,0,0
92.676,-30,0,0
550.284,-30,0,0
141.495,-30,0,0
316.202,-30,0,0
86.4502,-30,0,0
447.31,-30,0,0
188.296,-30,0,0
97.0503,-30,0,0
89.1483,-30,0,0
283.002,-30,0,0
82.7372,-30,0,0
106.484,-30,0,0
99.8522,-30,0,0
201.122,-30,0,0
92.4314,-30,0,0
131.04,-30,0,0
93.0546,-30,0,0
309.536,-30,0,0
714.432,-30,0,0
293.557,-30,0,0
14.0549,-30,0,0
100.787,-30,0,0
217.799,-30,0,0
218.761,-30,0,0
128.052,-30,0,0
79.464,-30,0,0
88.948,-30,0,0
237.541,-30,0,0
378.361,-30,0,0
157.419,-30,0,0
393.819,-30,0,0
121.52,-30,0,0
113.83,-30,0,0
162.625,-30,0,0
132.697,-30,0,0
328.931,-30,0,0
284.116,-30,0,0
634.938,-30,0,0
23.2133,-30,0,0
82.2554,-30,0,0
98.8046,-30,0,0
88.6856,-30,0,0
104.171,-30,0,0
104.982,-30,0,0
80.3719,-30,0,0
228.74,-30,0,0
139.774,-30,0,0
250.591,-30,0,0
102.665,-30,0,0
104.877,-30,0,0
389.403,-30,0,0
96.8334,-30,0,0
308.086,-30,0,0
150.383,-30,0,0
89.9578,-30,0,0
119.843,-30,0,0
66.7828,-30,0,0
87.0342,-30,0,0
92.3435,-30,0,0
357.147,-30,0,0
82.5077,-30,0,0
131.008,-30,0,0
206.624,-30,0,0
85.163,-30,0,0
186.548,-30,0,0
165.267,-30,0,0
158.29,-30,0,0
3.61231,-30,0,0
347.222,-30,0,0
225.455,-30,0,0
101.113,-30,0,0
87.3721,-30,0,0
355.821,-30,0,0
101.882,-30,0,0
108.37,-30,0,0
371.818,-30,0,0
324.332,-30,0,0
138.985,-30,0,0
323.253,-30,0,0
121.556,-30,0,0
105.644,-30,0,0
204.741,-30,0,0
96.8727,-30,0,0
195.881,-30,0,0
94.7694,-30,0,0
108.973,-30,0,0
148.078,-30,0,0
394.437,-30,0,0
316.782,-30,0,0
119.892,-30,0,0
83.4882,-30,0,0
87.0838,-30,0,0
43.5208,-30,0,0
196.056,-30,0,0
162.456,-30,0,0
179.579,-30,0,0
86.3292,-30,0,0
125.373,-30,0,0
590.85,-30,0,0
514.836,-30,0,0
246.899,-30,0,0
118.002,-30,0,0
161.507,-30,0,0
98.6078,-30,0,0
111.375,-30,0,0
317.702,-30,0,0
223.425,-30,0,0
82.1706,-30,0,0
117.065,-30,0,0
124.094,-30,0,0
114.503,-30,0,0
175.302,-30,0,0
100.103,-30,0,0
171.727,-30,0,0
325.544,-30,0,0
79.7627,-30,0,0
207.458,-30,0,0
113.488,-30,0,0
343.213,-30,0,0
161.522,-30,0,0
87.3266,-30,0,0
151.136,-30,0,0
81.8313,-30,0,0
145.593,-30,0,0
104.29,-30,0,0
119.807,-30,0,0
406.624,-30,0,0
192.135,-30,0,0
79.0428,-30,0,0
210.459,-30,0,0
144.207,-30,0,0
109.155,-30,0,0
105.961,-30,0,0
107.841,-30,0,0
227.772,-30,0,0
179.391,-30,0,0
290.583,-30,0,0
110.668,-30,0,0
417.964,-30,0,0
72.1239,-30,0,0
305.166,-30,0,0
115.202,-30,0,0
111.283,-30,0,0
426.016,-30,0,0
115.271,-30,0,0
188.782,-30,0,0
85.8309,-30,0,0
89.5133,-30,0,0
150.879,-30,0,0
111.625,-30,0,0
99.7931,-30,0,0
97.167,-30,0,0
155.45,-30,0,0
194.836,-30,0,0
86.5913,-30,0,0
165.189,-30,0,0
133.626,-30,0,0
107.875,-30,0,0
189.21,-30,0,0
136.854,-30,0,0
96.6908,-30,0,0
162.598,-30,0,0
422.353,-30,0,0
101.711,-30,0,0
185.905,-30,0,0
70.9106,-30,0,0
83.9989,-30,0,0
123.002,-30,0,0
93.7309,-30,0,0
545.081,-30,0,0
107.653,-30,0,0
79.8589,-30,0,0
162.231,-30,0,0
151.333,-30,0,0
119.014,-30,0,0
208.451,-30,0,0
307.232,-30,0,0
144.815,-30,0,0
328.515,-30,0,0
195.853,-30,0,0
43.5931,-30,0,0
254.943,-30,0,0
92.5885,-30,0,0
132.238,-30,0,0
95.9151,-30,0,0
154.395,-30,0,0
106.508,-30,0,0
308.152,-30,0,0
191.394,-30,0,0
263.82,-30,0,0
114.043,-30,0,0
138.203,-30,0,0
84.2112,-30,0,0
195.857,-30,0,0
2.88232,-30,0,0
106.966,-30,0,0
84.1334,-30,0,0
215.205,-30,0,0
145.419,-30,0,0
354.038,-30,0,0
136.768,-30,0,0
126.967,-30,0,0
70.6277,-30,0,0
75.182,-30,0,0
150.734,-30,0,0
126.17,-30,0,0
222.319,-30,0,0
99.504,-30,0,0
140.22,-30,0,0
104.992,-30,0,0
27.9502,-30,0,0
197.005,-30,0,0
529.164,-30,0,0
77.236,-30,0,0
57.4597,-30,0,0
666.392,-30,0,0
105.318,-30,0,0
473.267,-30,0,0
102.183,-30,0,0
47.7606,-30,0,0
105.739,-30,0,0
219.151,-30,0,0
261.183,-30,0,0
142.51,-30,0,0
297.194,-30,0,0
500.784,-30,0,0
662.903,-30,0,0
7.74019,-30,0,0
90.9668,-30,0,0
115.276,-30,0,0
356.751,-30,0,0
75.7365,-30,0,0
90.034,-30,0,0
43.2547,-30,0,0
125.961,-30,0,0
100.91,-30,0,0
247.227,-30,0,0
247.701,-30,0,0
453.111,-30,0,0
11.6422,-30,0,0
617.084,-30,0,0
96.8269,-30,0,0
113.692,-30,0,0
291.795,-30,0,0
288.552,-30,0,0
251.823,-30,0,0
84.0267,-30,0,0
60.0171,-30,0,0
41.4894,-30,0,0
98.0285,-30,0,0
190.753,-30,0,0
400.94,-30,0,0
187.592,-30,0,0
79.6138,-30,0,0
592.909,-30,0,0
29.8925,-30,0,0
182.913,-30,0,0
74.8387,-30,0,0
130.929,-30,0,0
151.975,-30,0,0
81.0937,-30,0,0
96.7553,-30,0,0
127.644,-30,0,0
95.1675,-30,0,0
161.228,-30,0,0
105.54,-30,0,0
274.298,-30,0,0
112.441,-30,0,0
173.412,-30,0,0
127.24,-30,0,0
133.198,-30,0,0
580.824,-30,0,0
235.39,-30,0,0
113.076,-30,0,0
181.578,-30,0,0
123.543,-30,0,0
256.735,-30,0,0
100.782,-30,0,0
273.836,-30,0,0
15.1247,-30,0,0
95.4267,-30,0,0
138.728,-30,0,0
139.493,-30,0,0
132.38,-30,0,0
125.876,-30,0,0
93.5323,-30,0,0
87.8754,-30,0,0
174.05,-30,0,0
78.4293,-30,0,0
176.183,-30,0,0
133.159,-30,0,0
154.009,-30,0,0
114.327,-30,0,0
88.7433,-30,0,0
227.497,-30,0,0
150.064,-30,0,0
75.1829,-30,0,0
493.856,-30,0,0
374.142,-30,0,0
129.908,-30,0,0
522.784,-30,0,0
230.397,-30,0,0
263.496,-30,0,0
255.491,-30,0,0
127.431,-30,0,0
131.983,-30,0,0
139.168,-30,0,0
101.73,-30,0,0
134.548,-30,0,0
333.821,-30,0,0
126.853,-30,0,0
92.9796,-30,0,0
200.476,-30,0,0
101.87,-30,0,0
137.895,-30,0,0
163.348,-30,0,0
200.725,-30,0,0
84.1322,-30,0,0
239.78,-30,0,0
108.839,-30,0,0
156.698,-30,0,0
137.794,-30,0,0
160.085,-30,0,0
217.173,-30,0,0
104.308,-30,0,0
80.5077,-30,0,0
141.947,-30,0,0
232.424,-30,0,0
103.06,-30,0,0
262.283,-30,0,0
88.2146,-30,0,0
205.933,-30,0,0
88.8869,-30,0,0
110.889,-30,0,0
81.6727,-30,0,0
145.219,-30,0,0
126.159,-30,0,0
111.279,-30,0,0
81.4509,-30,0,0
300.356,-30,0,0
136.887,-30,0,0
290.521,-30,0,0
133.332,-30,0,0
115.159,-30,0,0
178.773,-30,0,0
87.7981,-30,0,0
156.615,-30,0,0
131.208,-30,0,0
349.928,-30,0,0
407.68,-30,0,0
96.0189,-30,0,0
136.506,-30,0,0
104.407,-30,0,0
98.9653,-30,0,0
122.942,-30,0,0
314.646,-30,0,0
258.019,-30,0,0
104.682,-30,0,0
491.4,-30,0,0
181.682,-30,0,0
158.558,-30,0,0
289.458,-30,0,0
147.567,-30,0,0
92.4033,-30,0,0
255.418,-30,0,0
537.221,-30,0,0
110.128,-30,0,0
56.9695,-30,0,0
99.4324,-30,0,0
99.0737,-30,0,0
283.269,-30,0,0
305.657,-30,0,0
105.984,-30,0,0
128.188,-30,0,0
235.897,-30,0,0
159.57,-30,0,0
85.1175,-30,0,0
149.635,-30,0,0
262.286,-30,0,0
86.7817,-30,0,0
408.065,-30,0,0
175.208,-30,0,0
117.528,-30,0,0
588.65,-30,0,0
305.872,-30,0,0
142.929,-30,0,0
14.0549,-30,0,0
46.7033,-30,0,0
298.609,-30,0,0
136.83,-30,0,0
79.0076,-30,0,0
93.4275,-30,0,0
198.884,-30,0,0
149.009,-30,0,0
129.363,-30,0,0
193.031,-30,0,0
115.27,-30,0,0
69.7453,-30,0,0
91.2727,-30,0,0
163.7,-30,0,0
84.8824,-30,0,0
96.4198,-30,0,0
102.236,-30,0,0
19.4677,-30,0,0
113.571,-30,0,0
132.407,-30,0,0
119.027,-30,0,0
82.9088,-30,0,0
127.483,-30,0,0
465.24,-30,0,0
126.002,-30,0,0
148.821,-30,0,0
126.848,-30,0,0
116.036,-30,0,0
207.402,-30,0,0
441.16,-30,0,0
141.994,-30,0,0
320.61,-30,0,0
178.266,-30,0,0
14.0549,-30,0,0
192.071,-30,0,0
89.4129,-30,0,0
193.666,-30,0,0
148.551,-30,0,0
257.784,-30,0,0
97.0258,-30,0,0
130.084,-30,0,0
139.045,-30,0,0
50.4955,-30,0,0
217.002,-30,0,0
135.447,-30,0,0
140.459,-30,0,0
106.69,-30,0,0
513.732,-30,0,0
33.0113,-30,0,0
92.5875,-30,0,0
240.551,-30,0,0
85.9383,-30,0,0
15.3836,-30,0,0
67.705,-30,0,0
294.399,-30,0,0
146.763,-30,0,0
104.374,-30,0,0
114.944,-30,0,0
83.0243,-30,0,0
87.4533,-30,0,0
168.837,-30,0,0
143.093,-30,0,0
115.652,-30,0,0
198.608,-30,0,0
171.789,-30,0,0
137.571,-30,0,0
105.137,-30,0,0
146.115,-30,0,0
418.474,-30,0,0
110.406,-30,0,0
177.853,-30,0,0
101.549,-30,0,0
106.084,-30,0,0
205.693,-30,0,0
98.4687,-30,0,0
118.299,-30,0,0
188.895,-30,0,0
104.585,-30,0,0
275.862,-30,0,0
351.184,-30,0,0
254.336,-30,0,0
143.083,-30,0,0
471.911,-30,0,0
79.9271,-30,0,0
93.3901,-30,0,0
108.26,-30,0,0
88.6339,-30,0,0
185.966,-30,0,0
217.572,-30,0,0
184.493,-30,0,0
340.612,-30,0,0
100.498,-30,0,0
87.4519,-30,0,0
360.637,-30,0,0
166.606,-30,0,0
111.923,-30,0,0
263.42,-30,0,0
115.01,-30,0,0
17.7666,-30,0,0
424.501,-30,0,0
106.169,-30,0,0
147.255,-30,0,0
1.4094,-30,0,0
109.158,-30,0,0
194.259,-30,0,0
320.47,-30,0,0
95.5222,-30,0,0
168.772,-30,0,0
222.722,-30,0,0
370.587,-30,0,0
104.863,-30,0,0
290.748,-30,0,0
126.835,-30,0,0
460.361,-30,0,0
113.62,-30,0,0
101.953,-30,0,0
174.471,-30,0,0
101.706,-30,0,0
90.4895,-30,0,0
116.012,-30,0,0
405.828,-30,0,0
178.218,-30,0,0
466.218,-30,0,0
185.7,-30,0,0
113.827,-30,0,0
409.656,-30,0,0
104.543,-30,0,0
95.6215,-30,0,0
148.602,-30,0,0
334.341,-30,0,0
98.9425,-30,0,0
114.385,-30,0,0
247.763,-30,0,0
97.1792,-30,0,0
110.341,-30,0,0
315.951,-30,0,0
103.431,-30,0,0
266.806,-30,0,0
101.221,-30,0,0
149.11,-30,0,0
654.629,-30,0,0
88.1982,-30,0,0
117.969,-30,0,0
107.696,-30,0,0
352.463,-30,0,0
74.6622,-30,0,0
103.149,-30,0,0
85.7116,-30,0,0
173.065,-30,0,0
426.273,-30,0,0
226.333,-30,0,0
146.042,-30,0,0
83.7558,-30,0,0
192.149,-30,0,0
165.583,-30,0,0
85.3504,-30,0,0
101.712,-30,0,0
115.397,-30,0,0
108.084,-30,0,0
192.26,-30,0,0
74.488,-30,0,0
274.24,-30,0,0
90.1058,-30,0,0
116.936,-30,0,0
71.6577,-30,0,0
764.429,-30,0,0
367.152,-30,0,0
197.449,-30,0,0
65.4839,-30,0,0
185.86,-30,0,0
97.8959,-30,0,0
115.081,-30,0,0
284.034,-30,0,0
225.888,-30,0,0
335.065,-30,0,0
229.573,-30,0,0
96.5513,-30,0,0
174.126,-30,0,0
60.9568,-30,0,0
413.132,-30,0,0
213.469,-30,0,0
290.027,-30,0,0
136.589,-30,0,0
194.909,-30,0,0
87.2804,-30,0,0
19.7954,-30,0,0
109.805,-30,0,0
228.334,-30,0,0
93.9987,-30,0,0
221.383,-30,0,0
185.775,-30,0,0
37.1467,-30,0,0
103.254,-30,0,0
372.454,-30,0,0
155.476,-30,0,0
200.434,-30,0,0
85.9113,-30,0,0
328.942,-30,0,0
90.8097,-30,0,0
176.467,-30,0,0
204.741,-30,0,0
86.719,-30,0,0
121.546,-30,0,0
265.063,-30,0,0
32.925,-30,0,0
97.9553,-30,0,0
83.3966,-30,0,0
175.537,-30,0,0
75.5605,-30,0,0
164.056,-30,0,0
98.9297,-30,0,0
146.05,-30,0,0
98.9972,-30,0,0
476.499,-30,0,0
189.113,-30,0,0
468.817,-30,0,0
151.256,-30,0,0
78.2348,-30,0,0
85.2863,-30,0,0
93.7515,-30,0,0
114.203,-30,0,0
518.64,-30,0,0
125.256,-30,0,0
680.07,-30,0,0
142.258,-30,0,0
245.607,-30,0,0
102.866,-30,0,0
259.487,-30,0,0
18.0265,-30,0,0
172.275,-30,0,0
102.661,-30,0,0
373.747,-30,0,0
142.654,-30,0,0
80.3691,-30,0,0
227.092,-30,0,0
237.133,-30,0,0
149.868,-30,0,0
159.073,-30,0,0
273.95,-30,0,0
183.283,-30,0,0
218.88,-30,0,0
300.472,-30,0,0
211.115,-30,0,0
139.177,-30,0,0
96.7372,-30,0,0
557.392,-30,0,0
88.6181,-30,0,0
457.986,-30,0,0
12.6256,-30,0,0
91.3156,-30,0,0
94.2458,-30,0,0
153.187,-30,0,0
101.97,-30,0,0
108.01,-30,0,0
145.759,-30,0,0
79.9943,-30,0,0
148.097,-30,0,0
159.853,-30,0,0
314.988,-30,0,0
94.6356,-30,0,0
100.244,-30,0,0
105.908,-30,0,0
182.282,-30,0,0
135.143,-30,0,0
231.192,-30,0,0
158.301,-30,0,0
193.153,-30,0,0
111.21,-30,0,0
232.117,-30,0,0
434.922,-30,0,0
162.202,-30,0,0
228.984,-30,0,0
73.3604,-30,0,0
100.808,-30,0,0
274.89,-30,0,0
95.8712,-30,0,0
145.275,-30,0,0
130.367,-30,0,0
132.568,-30,0,0
85.7679,-30,0,0
95.581,-30,0,0
80.8635,-30,0,0
416.313,-30,0,0
22.1989,-30,0,0
100.688,-30,0,0
338.585,-30,0,0
260.307,-30,0,0
142.879,-30,0,0
404.565,-30,0,0
107.229,-30,0,0
413.166,-30,0,0
190.92,-30,0,0
456.52,-30,0,0
135.46,-30,0,0
291.676,-30,0,0
128.862,-30,0,0
157.603,-30,0,0
180.994,-30,0,0
96.6636,-30,0,0
122.641,-30,0,0
299.324,-30,0,0
202.073,-30,0,0
101.787,-30,0,0
622.726,-30,0,0
541.134,-30,0,0
78.2737,-30,0,0
413.062,-30,0,0
401.348,-30,0,0
189.007,-30,0,0
145.527,-30,0,0
166.107,-30,0,0
223.214,-30,0,0
212.815,-30,0,0
220.073,-30,0,0
203.097,-30,0,0
143.213,-30,0,0
88.0932,-30,0,0
100.733,-30,0,0
131.352,-30,0,0
79.8556,-30,0,0
221.536,-30,0,0
129.973,-30,0,0
206.239,-30,0,0
346.358,-30,0,0
162.098,-30,0,0
109.593,-30,0,0
345.651,-30,0,0
275.597,-30,0,0
196.438,-30,0,0
593.652,-30,0,0
114.155,-30,0,0
102.686,-30,0,0
94.4583,-30,0,0
131.159,-30,0,0
128.599,-30,0,0
167.468,-30,0,0
85.2005,-30,0,0
362.183,-30,0,0
80.6144,-30,0,0
247.316,-30,0,0
219.812,-30,0,0
84.813,-30,0,0
71.3197,-30,0,0
148.615,-30,0,0
125.436,-30,0,0
84.2826,-30,0,0
103.41,-30,0,0
180.038,-30,0,0
118.096,-30,0,0
118.95,-30,0,0
103.051,-30,0,0
79.1219,-30,0,0
113.216,-30,0,0
4.28417,-30,0,0
154.889,-30,0,0
144.925,-30,0,0
88.6172,-30,0,0
77.6176,-30,0,0
127.849,-30,0,0
434.432,-30,0,0
93.4178,-30,0,0
93.3274,-30,0,0
132.961,-30,0,0
505.831,-30,0,0
607.538,-30,0,0
75.6005,-30,0,0
126.13,-30,0,0
395.581,-30,0,0
88.0784,-30,0,0
264.747,-30,0,0
114.647,-30,0,0
433.528,-30,0,0
171.894,-30,0,0
94.1151,-30,0,0
347.492,-30,0,0
293.998,-30,0,0
400.981,-30,0,0
103.427,-30,0,0
104.532,-30,0,0
142.26,-30,0,0
27.0232,-30,0,0
128.566,-30,0,0
112.236,-30,0,0
92.2107,-30,0,0
80.3402,-30,0,0
82.8976,-30,0,0
79.1048,-30,0,0
73.9384,-30,0,0
139.681,-30,0,0
67.9931,-30,0,0
110.328,-30,0,0
345.787,-30,0,0
77.162,-30,0,0
81.7229,-30,0,0
353.028,-30,0,0
81.5882,-30,0,0
87.9835,-30,0,0
115.603,-30,0,0
67.3336,-30,0,0
233.277,-30,0,0
153.206,-30,0,0
156.419,-30,0,0
75.6877,-30,0,0
11.5007,-30,0,0
101.385,-30,0,0
84.355,-30,0,0
125.969,-30,0,0
147.865,-30,0,0
384.654,-30,0,0
19.8755,-30,0,0
82.2463,-30,0,0
333.93,-30,0,0
133.673,-30,0,0
114.972,-30,0,0
119.458,-30,0,0
193.54,-30,0,0
322.917,-30,0,0
192.511,-30,0,0
75.8651,-30,0,0
165.36,-30,0,0
278.535,-30,0,0
92.1134,-30,0,0
92.932,-30,0,0
39.325,-30,0,0
96.244,-30,0,0
245.36,-30,0,0
64.5382,-30,0,0
182.836,-30,0,0
71.2818,-30,0,0
342.677,-30,0,0
255.472,-30,0,0
195.504,-30,0,0
97.3253,-30,0,0
127.025,-30,0,0
236.905,-30,0,0
585.783,-30,0,0
83.3808,-30,0,0
140.878,-30,0,0
404.908,-30,0,0
138.888,-30,0,0
112.445,-30,0,0
83.5298,-30,0,0
122.351,-30,0,0
99.5296,-30,0,0
138.809,-30,0,0
482.857,-30,0,0
120.897,-30,0,0
130.103,-30,0,0
145.713,-30,0,0
16.6457,-30,0,0
101.394,-30,0,0
301.519,-30,0,0
187.573,-30,0,0
213.546,-30,0,0
120.322,-30,0,0
347.763,-30,0,0
263.271,-30,0,0
114.306,-30,0,0
393.656,-30,0,0
229.259,-30,0,0
96.9688,-30,0,0
507.774,-30,0,0
213.333,-30,0,0
163.273,-30,0,0
331.637,-30,0,0
204.725,-30,0,0
3.94971,-30,0,0
129.583,-30,0,0
89.9576,-30,0,0
100.695,-30,0,0
233.869,-30,0,0
161.63,-30,0,0
349.715,-30,0,0
163.535,-30,0,0
27.1336,-30,0,0
161.398,-30,0,0
114.213,-30,0,0
100.854,-30,0,0
234.736,-30,0,0
198.974,-30,0,0
141.812,-30,0,0
140.328,-30,0,0
107.865,-30,0,0
378.409,-30,0,0
309.324,-30,0,0
114.839,-30,0,0
99.9615,-30,0,0
85.5014,-30,0,0
9.11752,-30,0,0
104.108,-30,0,0
255.563,-30,0,0
95.8228,-30,0,0
117.525,-30,0,0
144.823,-30,0,0
401.57,-30,0,0
169.552,-30,0,0
286.48,-30,0,0
92.0299,-30,0,0
399.238,-30,0,0
48.5947,-30,0,0
81.6362,-30,0,0
148.751,-30,0,0
109.499,-30,0,0
237.197,-30,0,0
116.933,-30,0,0
110.894,-30,0,0
97.1065,-30,0,0
152.691,-30,0,0
156.317,-30,0,0
330.436,-30,0,0
14.1246,-30,0,0
96.2782,-30,0,0
208.042,-30,0,0
190.296,-30,0,0
307.561,-30,0,0
468.464,-30,0,0
86.5051,-30,0,0
158.538,-30,0,0
449.027,-30,0,0
223.429,-30,0,0
151.64,-30,0,0
152.775,-30,0,0
78.8224,-30,0,0
74.7396,-30,0,0
136.031,-30,0,0
106.38,-30,0,0
230.838,-30,0,0
74.6352,-30,0,0
38.6008,-30,0,0
88.4802,-30,0,0
95.1362,-30,0,0
248.647,-30,0,0
99.2207,-30,0,0
117.302,-30,0,0
81.9096,-30,0,0
74.1325,-30,0,0
239.563,-30,0,0
394.569,-30,0,0
593.953,-30,0,0
282.005,-30,0,0
111.932,-30,0,0
88.5184,-30,0,0
220.124,-30,0,0
106.473,-30,0,0
92.559,-30,0,0
230.327,-30,0,0
83.3138,-30,0,0
106.437,-30,0,0
120.258,-30,0,0
151.235,-30,0,0
554.336,-30,0,0
141.864,-30,0,0
93.0327,-30,0,0
301.832,-30,0,0
202.705,-30,0,0
663.706,-30,0,0
161.094,-30,0,0
155.374,-30,0,0
145.902,-30,0,0
210.639,-30,0,0
108.527,-30,0,0
302.416,-30,0,0
281.24,-30,0,0
316.35,-30,0,0
241.945,-30,0,0
349.385,-30,0,0
261.091,-30,0,0
169.559,-30,0,0
96.6243,-30,0,0
87.1164,-30,0,0
318.109,-30,0,0
93.6607,-30,0,0
66.5114,-30,0,0
485.711,-30,0,0
290.866,-30,0,0
99.7059,-30,0,0
241.376,-30,0,0
166.448,-30,0,0
432.655,-30,0,0
137.684,-30,0,0
568.536,-30,0,0
97.338,-30,0,0
427.948,-30,0,0
109.939,-30,0,0
392.753,-30,0,0
112.419,-30,0,0
154.202,-30,0,0
232.891,-30,0,0
364.239,-30,0,0
467.683,-30,0,0
89.3433,-30,0,0
722.546,-30,0,0
149.332,-30,0,0
82.1376,-30,0,0
130.13,-30,0,0
114.043,-30,0,0
135.011,-30,0,0
86.7948,-30,0,0
84.3072,-30,0,0
261.087,-30,0,0
196.985,-30,0,0
86.1962,-30,0,0
128.182,-30,0,0
531.089,-30,0,0
146.685,-30,0,0
506.426,-30,0,0
277.492,-30,0,0
620.573,-30,0,0
92.4079,-30,0,0
139.425,-30,0,0
75.8843,-30,0,0
132.275,-30,0,0
93.243,-30,0,0
398.916,-30,0,0
138.571,-30,0,0
92.0701,-30,0,0
114.125,-30,0,0
239.024,-30,0,0
178.327,-30,0,0
249.178,-30,0,0
309.315,-30,0,0
101.048,-30,0,0
129.17,-30,0,0
252.651,-30,0,0
279.757,-30,0,0
177.42,-30,0,0
261.473,-30,0,0
176.962,-30,0,0
78.2152,-30,0,0
429.072,-30,0,0
79.7304,-30,0,0
84.9778,-30,0,0
81.3485,-30,0,0
207.776,-30,0,0
79.9816,-30,0,0
116.231,-30,0,0
134.943,-30,0,0
251.126,-30,0,0
42.8937,-30,0,0
74.3775,-30,0,0
88.259,-30,0,0
92.8813,-30,0,0
80.595,-30,0,0
565.673,-30,0,0
79.8685,-30,0,0
83.3386,-30,0,0
117.589,-30,0,0
283.03,-30,0,0
82.3695,-30,0,0
87.6335,-30,0,0
93.7064,-30,0,0
4.32325,-30,0,0
172.407,-30,0,0
174.727,-30,0,0
136.292,-30,0,0
108.526,-30,0,0
107.742,-30,0,0
163.807,-30,0,0
181.748,-30,0,0
314.192,-30,0,0
86.2328,-30,0,0
99.7649,-30,0,0
363.947,-30,0,0
115.989,-30,0,0
114.542,-30,0,0
122.223,-30,0,0
142.869,-30,0,0
135.359,-30,0,0
271.94,-30,0,0
129.121,-30,0,0
364.507,-30,0,0
264.143,-30,0,0
74.0498,-30,0,0
167.606,-30,0,0
122.289,-30,0,0
116.021,-30,0,0
132.943,-30,0,0
83.9492,-30,0,0
185.63,-30,0,0
292.54,-30,0,0
94.5931,-30,0,0
86.1897,-30,0,0
111.037,-30,0,0
123.142,-30,0,0
139.466,-30,0,0
163.457,-30,0,0
183.122,-30,0,0
167.562,-30,0,0
105.929,-30,0,0
11.803,-30,0,0
129.625,-30,0,0
9.5881,-30,0,0
113.76,-30,0,0
58.0942,-30,0,0
288.166,-30,0,0
257.512,-30,0,0
110.516,-30,0,0
257.339,-30,0,0
202.66,-30,0,0
90.3827,-30,0,0
61.6688,-30,0,0
314.208,-30,0,0
202.88,-30,0,0
119.209,-30,0,0
114.335,-30,0,0
525.335,-30,0,0
229.81,-30,0,0
274.469,-30,0,0
194.129,-30,0,0
95.0094,-30,0,0
108.479,-30,0,0
50.0079,-30,0,0
505.576,-30,0,0
170.122,-30,0,0
130.555,-30,0,0
322.822,-30,0,0
157.213,-30,0,0
127.121,-30,0,0
112.438,-30,0,0
210.913,-30,0,0
172.11,-30,0,0
511.367,-30,0,0
240.197,-30,0,0
303.071,-30,0,0
156.897,-30,0,0
512.176,-30,0,0
297.616,-30,0,0
107.116,-30,0,0
97.7388,-30,0,0
94.2872,-30,0,0
86.6627,-30,0,0
146.563,-30,0,0
284.373,-30,0,0
95.6384,-30,0,0
148.033,-30,0,0
136.096,-30,0,0
176.435,-30,0,0
133.751,-30,0,0
206.526,-30,0,0
135.893,-30,0,0
193.853,-30,0,0
144.32,-30,0,0
283.998,-30,0,0
80.1535,-30,0,0
89.9148,-30,0,0
178.617,-30,0,0
179.843,-30,0,0
342.819,-30,0,0
72.7539,-30,0,0
174.965,-30,0,0
74.3619,-30,0,0
27.9756,-30,0,0
109.429,-30,0,0
200.294,-30,0,0
82.196,-30,0,0
191.856,-30,0,0
121.833,-30,0,0
165.565,-30,0,0
87.3809,-30,0,0
193.305,-30,0,0
204.578,-30,0,0
263.563,-30,0,0
123.252,-30,0,0
236.876,-30,0,0
521.541,-30,0,0
206.841,-30,0,0
214.908,-30,0,0
87.5829,-30,0,0
82.8869,-30,0,0
139.582,-30,0,0
182.6,-30,0,0
160.373,-30,0,0
91.8259,-30,0,0
117.839,-30,0,0
415.931,-30,0,0
220.372,-30,0,0
107.409,-30,0,0
273.846,-30,0,0
202.044,-30,0,0
178.227,-30,0,0
347.154,-30,0,0
132.099,-30,0,0
123.255,-30,0,0
88.6913,-30,0,0
148.265,-30,0,0
339.627,-30,0,0
122.718,-30,0,0
140.45,-30,0,0
104.434,-30,0,0
44.7155,-30,0,0
189.655,-30,0,0
243.383,-30,0,0
120.323,-30,0,0
269.473,-30,0,0
144.291,-30,0,0
115.667,-30,0,0
209.157,-30,0,0
453.098,-30,0,0
125.138,-30,0,0
137.813,-30,0,0
76.491,-30,0,0
84.4901,-30,0,0
274.509,-30,0,0
82.1027,-30,0,0
302.878,-30,0,0
816.536,-30,0,0
184.953,-30,0,0
131.5,-30,0,0
266.322,-30,0,0
79.3282,-30,0,0
85.0626,-30,0,0
90.7868,-30,0,0
78.0853,-30,0,0
104.721,-30,0,0
377.105,-30,0,0
214.535,-30,0,0
84.0408,-30,0,0
331.808,-30,0,0
109.168,-30,0,0
132.286,-30,0,0
112.678,-30,0,0
259.866,-30,0,0
221.093,-30,0,0
147.374,-30,0,0
100.155,-30,0,0
95.9154,-30,0,0
239.543,-30,0,0
335.15,-30,0,0
93.2548,-30,0,0
229.818,-30,0,0
371.023,-30,0,0
79.5689,-30,0,0
316.03,-30,0,0
497.535,-30,0,0
103.045,-30,0,0
125.745,-30,0,0
90.1892,-30,0,0
123.971,-30,0,0
286.274,-30,0,0
119.111,-30,0,0
155.104,-30,0,0
137.7,-30,0,0
256.614,-30,0,0
271.7,-30,0,0
104.901,-30,0,0
127.665,-30,0,0
144.594,-30,0,0
149.07,-30,0,0
100.158,-30,0,0
367.851,-30,0,0
136.93,-30,0,0
174.252,-30,0,0
85.9365,-30,0,0
89.1429,-30,0,0
404.423,-30,0,0
119.773,-30,0,0
109.932,-30,0,0
101.156,-30,0,0
135.47,-30,0,0
279.504,-30,0,0
92.3287,-30,0,0
120.414,-30,0,0
88.337,-30,0,0
133.983,-30,0,0
131.678,-30,0,0
282.662,-30,0,0
112.728,-30,0,0
102.303,-30,0,0
232.577,-30,0,0
83.1016,-30,0,0
375.202,-30,0,0
396.926,-30,0,0
222.826,-30,0,0
114.398,-30,0,0
80.3384,-30,0,0
57.991,-30,0,0
219.506,-30,0,0
175.907,-30,0,0
103.725,-30,0,0
208.044,-30,0,0
66.1152,-30,0,0
225.727,-30,0,0
63.3806,-30,0,0
94.2528,-30,0,0
117.165,-30,0,0
242.247,-30,0,0
365.092,-30,0,0
102.463,-30,0,0
269.066,-30,0,0
273.695,-30,0,0
158.479,-30,0,0
286.28,-30,0,0
32.7073,-30,0,0
93.6405,-30,0,0
112.241,-30,0,0
127.158,-30,0,0
398.556,-30,0,0
140.666,-30,0,0
243.711,-30,0,0
183.486,-30,0,0
109.51,-30,0,0
104.563,-30,0,0
403.034,-30,0,0
99.4413,-30,0,0
113.497,-30,0,0
114.226,-30,0,0
151.568,-30,0,0
408.744,-30,0,0
297.32,-30,0,0
122.966,-30,0,0
282.617,-30,0,0
147.03,-30,0,0
169.818,-30,0,0
113.054,-30,0,0
237.342,-30,0,0
92.5921,-30,0,0
82.8152,-30,0,0
92.5221,-30,0,0
91.3354,-30,0,0
106.111,-30,0,0
80.6108,-30,0,0
207.987,-30,0,0
104.835,-30,0,0
138.619,-30,0,0
141.595,-30,0,0
193.127,-30,0,0
112.628,-30,0,0
91.4928,-30,0,0
114.837,-30,0,0
79.7455,-30,0,0
97.3746,-30,0,0
407.99,-30,0,0
177.11,-30,0,0
107.91,-30,0,0
109.766,-30,0,0
118.99,-30,0,0
197.848,-30,0,0
127.96,-30,0,0
63.9034,-30,0,0
106.51,-30,0,0
91.4609,-30,0,0
215.002,-30,0,0
87.2086,-30,0,0
275.274,-30,0,0
139.54,-30,0,0
77.7506,-30,0,0
95.6098,-30,0,0
217.479,-30,0,0
109.344,-30,0,0
111.685,-30,0,0
89.4191,-30,0,0
315.75,-30,0,0
132.036,-30,0,0
148.889,-30,0,0
471.451,-30,0,0
138.672,-30,0,0
120.212,-30,0,0
86.6064,-30,0,0
237.01,-30,0,0
292.268,-30,0,0
328.991,-30,0,0
92.7664,-30,0,0
164.701,-30,0,0
129.866,-30,0,0
83.9106,-30,0,0
126.292,-30,0,0
154.334,-30,0,0
112.673,-30,0,0
162.837,-30,0,0
370.555,-30,0,0
95.6762,-30,0,0
140.119,-30,0,0
148.456,-30,0,0
328.347,-30,0,0
137.153,-30,0,0
117.638,-30,0,0
