EnergyDepositedInSi, SourceZ, SiAngleOffAxis, AbsorberThickness
258.907,-50,0,0
189.644,-50,0,0
84.0357,-50,0,0
259.332,-50,0,0
101.569,-50,0,0
409.613,-50,0,0
174.616,-50,0,0
84.6646,-50,0,0
224.456,-50,0,0
95.2237,-50,0,0
101.968,-50,0,0
148.765,-50,0,0
75.313,-50,0,0
149.822,-50,0,0
312.806,-50,0,0
107.863,-50,0,0
99.1817,-50,0,0
212.952,-50,0,0
351.696,-50,0,0
5.99527,-50,0,0
337.818,-50,0,0
131.664,-50,0,0
130.455,-50,0,0
150.489,-50,0,0
114.121,-50,0,0
197.205,-50,0,0
94.6943,-50,0,0
253.658,-50,0,0
362.215,-50,0,0
82.3213,-50,0,0
448.33,-50,0,0
85.941,-50,0,0
20.2805,-50,0,0
243.603,-50,0,0
106.857,-50,0,0
122.246,-50,0,0
79.7514,-50,0,0
22.2555,-50,0,0
81.4503,-50,0,0
105.392,-50,0,0
250.741,-50,0,0
336.942,-50,0,0
120.117,-50,0,0
264.776,-50,0,0
89.0557,-50,0,0
110.58,-50,0,0
277.06,-50,0,0
79.9417,-50,0,0
112.435,-50,0,0
145.134,-50,0,0
426.967,-50,0,0
158.888,-50,0,0
154.556,-50,0,0
143.951,-50,0,0
82.7886,-50,0,0
6.51437,-50,0,0
100.338,-50,0,0
185.622,-50,0,0
160.453,-50,0,0
116.014,-50,0,0
634.698,-50,0,0
117.15,-50,0,0
176.227,-50,0,0
106.805,-50,0,0
117.429,-50,0,0
176.966,-50,0,0
123.464,-50,0,0
146.764,-50,0,0
89.4076,-50,0,0
86.5902,-50,0,0
136.678,-50,0,0
276.753,-50,0,0
147.66,-50,0,0
94.7969,-50,0,0
46.8964,-50,0,0
206.894,-50,0,0
121.83,-50,0,0
231.182,-50,0,0
149.803,-50,0,0
349.008,-50,0,0
14.1246,-50,0,0
96.9094,-50,0,0
74.7763,-50,0,0
164.785,-50,0,0
103.543,-50,0,0
94.9357,-50,0,0
13.9538,-50,0,0
96.3742,-50,0,0
121.149,-50,0,0
15.1222,-50,0,0
297.165,-50,0,0
385.832,-50,0,0
71.7679,-50,0,0
181.653,-50,0,0
123.535,-50,0,0
83.5004,-50,0,0
86.4184,-50,0,0
173.436,-50,0,0
215.561,-50,0,0
157.946,-50,0,0
261.403,-50,0,0
120.788,-50,0,0
78.3563,-50,0,0
91.7534,-50,0,0
156.488,-50,0,0
122.113,-50,0,0
67.7741,-50,0,0
214.83,-50,0,0
83.3953,-50,0,0
214.144,-50,0,0
127.941,-50,0,0
101.957,-50,0,0
36.0478,-50,0,0
284.563,-50,0,0
339.862,-50,0,0
306.522,-50,0,0
317.353,-50,0,0
69.1806,-50,0,0
154.697,-50,0,0
106.354,-50,0,0
98.5859,-50,0,0
173.975,-50,0,0
144.834,-50,0,0
319.645,-50,0,0
165.372,-50,0,0
95.3116,-50,0,0
121.043,-50,0,0
522.229,-50,0,0
188.511,-50,0,0
80.8177,-50,0,0
114.012,-50,0,0
502.834,-50,0,0
162.409,-50,0,0
135.245,-50,0,0
61.287,-50,0,0
103.143,-50,0,0
93.7907,-50,0,0
412.106,-50,0,0
87.1633,-50,0,0
164.813,-50,0,0
153.593,-50,0,0
151.029,-50,0,0
263.787,-50,0,0
102.879,-50,0,0
94.4086,-50,0,0
100.072,-50,0,0
590.339,-50,0,0
339.87,-50,0,0
123.143,-50,0,0
345.559,-50,0,0
392.908,-50,0,0
158.549,-50,0,0
102.168,-50,0,0
288.111,-50,0,0
131.168,-50,0,0
169.807,-50,0,0
294.47,-50,0,0
179.721,-50,0,0
109.069,-50,0,0
664.914,-50,0,0
108.53,-50,0,0
239.859,-50,0,0
121.85,-50,0,0
151.567,-50,0,0
384.656,-50,0,0
352.564,-50,0,0
109.333,-50,0,0
248.921,-50,0,0
126.169,-50,0,0
6.57377,-50,0,0
117.315,-50,0,0
84.2202,-50,0,0
91.6301,-50,0,0
310.141,-50,0,0
81.4208,-50,0,0
64.3571,-50,0,0
119.255,-50,0,0
99.0795,-50,0,0
158.574,-50,0,0
130.825,-50,0,0
35.159,-50,0,0
356.182,-50,0,0
76.2339,-50,0,0
106.504,-50,0,0
198.624,-50,0,0
115.926,-50,0,0
358.226,-50,0,0
110.79,-50,0,0
82.5066,-50,0,0
70.9021,-50,0,0
128.059,-50,0,0
118.72,-50,0,0
91.4212,-50,0,0
292.972,-50,0,0
184.588,-50,0,0
159.725,-50,0,0
79.4194,-50,0,0
249.69,-50,0,0
242.12,-50,0,0
181.868,-50,0,0
136.746,-50,0,0
450.468,-50,0,0
148.658,-50,0,0
90.3911,-50,0,0
264.188,-50,0,0
136.674,-50,0,0
102.432,-50,0,0
362.484,-50,0,0
86.1068,-50,0,0
70.4279,-50,0,0
122.803,-50,0,0
112.221,-50,0,0
247.039,-50,0,0
69.6243,-50,0,0
125.44,-50,0,0
239.413,-50,0,0
95.1252,-50,0,0
772.69,-50,0,0
140.434,-50,0,0
106.98,-50,0,0
168.695,-50,0,0
81.279,-50,0,0
194.047,-50,0,0
33.7889,-50,0,0
195.635,-50,0,0
136.264,-50,0,0
107.169,-50,0,0
79.8999,-50,0,0
106.595,-50,0,0
175.056,-50,0,0
76.3168,-50,0,0
106.211,-50,0,0
80.4522,-50,0,0
88.1896,-50,0,0
520.092,-50,0,0
77.3338,-50,0,0
378.333,-50,0,0
395.591,-50,0,0
567.838,-50,0,0
101.877,-50,0,0
176.526,-50,0,0
195.668,-50,0,0
103.964,-50,0,0
244.16,-50,0,0
260.854,-50,0,0
104.081,-50,0,0
106.43,-50,0,0
77.2372,-50,0,0
81.6469,-50,0,0
100.18,-50,0,0
94.1229,-50,0,0
275.052,-50,0,0
143.777,-50,0,0
228.875,-50,0,0
412.906,-50,0,0
262.967,-50,0,0
129.808,-50,0,0
241.031,-50,0,0
151.962,-50,0,0
184.815,-50,0,0
247.849,-50,0,0
273.29,-50,0,0
202.449,-50,0,0
361.851,-50,0,0
213.755,-50,0,0
330.625,-50,0,0
92.0135,-50,0,0
254.48,-50,0,0
88.3306,-50,0,0
271.329,-50,0,0
159.297,-50,0,0
30.5268,-50,0,0
70.3604,-50,0,0
134.494,-50,0,0
501.541,-50,0,0
78.9184,-50,0,0
88.6467,-50,0,0
107.33,-50,0,0
107.392,-50,0,0
89.2529,-50,0,0
82.2341,-50,0,0
303.352,-50,0,0
151.936,-50,0,0
382.939,-50,0,0
722.355,-50,0,0
114.817,-50,0,0
108.592,-50,0,0
143.504,-50,0,0
413.074,-50,0,0
146.886,-50,0,0
96.8175,-50,0,0
87.7203,-50,0,0
90.1317,-50,0,0
39.6833,-50,0,0
109.084,-50,0,0
187.793,-50,0,0
92.5461,-50,0,0
124.412,-50,0,0
326.399,-50,0,0
140.522,-50,0,0
80.9814,-50,0,0
245.946,-50,0,0
412.597,-50,0,0
160.231,-50,0,0
182.437,-50,0,0
402.365,-50,0,0
364.508,-50,0,0
64.8235,-50,0,0
436.88,-50,0,0
84.2534,-50,0,0
126.421,-50,0,0
106.105,-50,0,0
24.8161,-50,0,0
71.2776,-50,0,0
293.898,-50,0,0
102.358,-50,0,0
84.75,-50,0,0
79.2806,-50,0,0
146.169,-50,0,0
79.2201,-50,0,0
146.405,-50,0,0
102.775,-50,0,0
226.895,-50,0,0
534.61,-50,0,0
128.751,-50,0,0
93.5926,-50,0,0
95.9882,-50,0,0
163.745,-50,0,0
285.613,-50,0,0
320.356,-50,0,0
98.7623,-50,0,0
104.872,-50,0,0
83.7136,-50,0,0
106.376,-50,0,0
231.612,-50,0,0
161.527,-50,0,0
161.259,-50,0,0
103.376,-50,0,0
90.2537,-50,0,0
178.438,-50,0,0
188.534,-50,0,0
100.351,-50,0,0
134.897,-50,0,0
139.717,-50,0,0
88.5587,-50,0,0
94.912,-50,0,0
124.713,-50,0,0
92.5931,-50,0,0
192.729,-50,0,0
113.79,-50,0,0
20.529,-50,0,0
2.57818,-50,0,0
251.655,-50,0,0
203.817,-50,0,0
107.78,-50,0,0
140.11,-50,0,0
399.226,-50,0,0
192.84,-50,0,0
393.431,-50,0,0
287.148,-50,0,0
433.911,-50,0,0
166.128,-50,0,0
182.681,-50,0,0
83.4584,-50,0,0
266.039,-50,0,0
130.505,-50,0,0
109.869,-50,0,0
304.313,-50,0,0
161.636,-50,0,0
100.417,-50,0,0
279.951,-50,0,0
201.102,-50,0,0
231.888,-50,0,0
84.5037,-50,0,0
124.317,-50,0,0
107.623,-50,0,0
124.509,-50,0,0
353.511,-50,0,0
379.15,-50,0,0
60.0471,-50,0,0
88.6841,-50,0,0
363.996,-50,0,0
79.0945,-50,0,0
173.996,-50,0,0
108.75,-50,0,0
156.299,-50,0,0
70.1562,-50,0,0
231.431,-50,0,0
88.3072,-50,0,0
65.8613,-50,0,0
95.3335,-50,0,0
117.523,-50,0,0
76.9257,-50,0,0
96.5994,-50,0,0
122.817,-50,0,0
93.6818,-50,0,0
149.401,-50,0,0
129.276,-50,0,0
75.715,-50,0,0
54.1599,-50,0,0
88.8353,-50,0,0
78.7068,-50,0,0
129.473,-50,0,0
406.859,-50,0,0
104.746,-50,0,0
118.221,-50,0,0
92.1942,-50,0,0
141.214,-50,0,0
90.9183,-50,0,0
129.139,-50,0,0
271.155,-50,0,0
126.384,-50,0,0
263.52,-50,0,0
95.1525,-50,0,0
93.4377,-50,0,0
82.5478,-50,0,0
91.4399,-50,0,0
104.779,-50,0,0
394.489,-50,0,0
139.852,-50,0,0
104.688,-50,0,0
319.642,-50,0,0
123.6,-50,0,0
84.4912,-50,0,0
158.674,-50,0,0
78.4267,-50,0,0
357.601,-50,0,0
183.506,-50,0,0
93.7069,-50,0,0
103.764,-50,0,0
73.7364,-50,0,0
95.6132,-50,0,0
210.216,-50,0,0
193.469,-50,0,0
230.386,-50,0,0
126.43,-50,0,0
102.352,-50,0,0
97.7038,-50,0,0
274.558,-50,0,0
161.287,-50,0,0
312.069,-50,0,0
105.951,-50,0,0
121.579,-50,0,0
197.651,-50,0,0
98.6896,-50,0,0
115.495,-50,0,0
82.5619,-50,0,0
172.905,-50,0,0
188.277,-50,0,0
101.701,-50,0,0
101.397,-50,0,0
79.953,-50,0,0
102.315,-50,0,0
186.004,-50,0,0
119.781,-50,0,0
149.556,-50,0,0
108.133,-50,0,0
196.386,-50,0,0
169.962,-50,0,0
112.586,-50,0,0
124.785,-50,0,0
152.231,-50,0,0
109.657,-50,0,0
140.598,-50,0,0
334.962,-50,0,0
178.843,-50,0,0
84.2006,-50,0,0
84.5859,-50,0,0
327.13,-50,0,0
140.315,-50,0,0
112.753,-50,0,0
112.64,-50,0,0
143.513,-50,0,0
167.971,-50,0,0
135.683,-50,0,0
242.092,-50,0,0
196.835,-50,0,0
173.988,-50,0,0
185.561,-50,0,0
111.737,-50,0,0
95.683,-50,0,0
83.0977,-50,0,0
362.908,-50,0,0
255.117,-50,0,0
278.735,-50,0,0
707.328,-50,0,0
218.322,-50,0,0
98.4409,-50,0,0
86.1054,-50,0,0
102.786,-50,0,0
108.771,-50,0,0
196.682,-50,0,0
616.207,-50,0,0
71.297,-50,0,0
95.1486,-50,0,0
88.8444,-50,0,0
119.43,-50,0,0
393.159,-50,0,0
218.372,-50,0,0
101.384,-50,0,0
100.795,-50,0,0
91.7738,-50,0,0
351.469,-50,0,0
250.626,-50,0,0
151.949,-50,0,0
142.446,-50,0,0
92.6613,-50,0,0
81.3704,-50,0,0
207.44,-50,0,0
414.534,-50,0,0
304.171,-50,0,0
176.524,-50,0,0
262.776,-50,0,0
97.9306,-50,0,0
348.339,-50,0,0
259.565,-50,0,0
420.184,-50,0,0
422.575,-50,0,0
95.3807,-50,0,0
138.436,-50,0,0
240.188,-50,0,0
109.705,-50,0,0
209.414,-50,0,0
649.085,-50,0,0
529.714,-50,0,0
102.132,-50,0,0
111.184,-50,0,0
99.0111,-50,0,0
373.456,-50,0,0
235.098,-50,0,0
76.3636,-50,0,0
293.607,-50,0,0
297.098,-50,0,0
239.113,-50,0,0
89.542,-50,0,0
565.042,-50,0,0
363.43,-50,0,0
256.892,-50,0,0
124.666,-50,0,0
76.0785,-50,0,0
125.022,-50,0,0
99.2184,-50,0,0
200.667,-50,0,0
94.4166,-50,0,0
219.644,-50,0,0
197.694,-50,0,0
228.145,-50,0,0
93.5399,-50,0,0
89.1885,-50,0,0
81.9153,-50,0,0
219.096,-50,0,0
15.7975,-50,0,0
167.914,-50,0,0
35.0293,-50,0,0
98.4278,-50,0,0
313.972,-50,0,0
74.0003,-50,0,0
119.258,-50,0,0
118.554,-50,0,0
149.051,-50,0,0
178.942,-50,0,0
586.227,-50,0,0
79.2031,-50,0,0
207.436,-50,0,0
228.615,-50,0,0
237.879,-50,0,0
114.799,-50,0,0
198.544,-50,0,0
116.475,-50,0,0
143.206,-50,0,0
55.9034,-50,0,0
92.8181,-50,0,0
79.7649,-50,0,0
98.8376,-50,0,0
262.912,-50,0,0
190.819,-50,0,0
138.862,-50,0,0
281.779,-50,0,0
249.361,-50,0,0
121.097,-50,0,0
385.381,-50,0,0
97.6346,-50,0,0
108.566,-50,0,0
126.916,-50,0,0
232.071,-50,0,0
311.615,-50,0,0
292.637,-50,0,0
192.406,-50,0,0
129.588,-50,0,0
74.381,-50,0,0
14.1246,-50,0,0
176.78,-50,0,0
169.411,-50,0,0
474.963,-50,0,0
151.87,-50,0,0
104.787,-50,0,0
140.551,-50,0,0
148.85,-50,0,0
112.21,-50,0,0
105.126,-50,0,0
80.4376,-50,0,0
90.9818,-50,0,0
19.8089,-50,0,0
87.9453,-50,0,0
391.015,-50,0,0
325.141,-50,0,0
84.9489,-50,0,0
206.748,-50,0,0
122.174,-50,0,0
417.379,-50,0,0
124.88,-50,0,0
97.7726,-50,0,0
238.826,-50,0,0
89.7136,-50,0,0
107.798,-50,0,0
222.403,-50,0,0
140.841,-50,0,0
74.1756,-50,0,0
125.892,-50,0,0
136.071,-50,0,0
116.952,-50,0,0
156.567,-50,0,0
81.8386,-50,0,0
264.673,-50,0,0
106.944,-50,0,0
405.151,-50,0,0
132.394,-50,0,0
48.9336,-50,0,0
358.362,-50,0,0
133.25,-50,0,0
159.821,-50,0,0
118.995,-50,0,0
250.483,-50,0,0
133.83,-50,0,0
82.3989,-50,0,0
135.41,-50,0,0
14.0549,-50,0,0
243.244,-50,0,0
131.503,-50,0,0
391.592,-50,0,0
81.7967,-50,0,0
473.884,-50,0,0
105.341,-50,0,0
355.042,-50,0,0
120.175,-50,0,0
84.5434,-50,0,0
114.096,-50,0,0
74.7995,-50,0,0
88.1594,-50,0,0
217.201,-50,0,0
495.592,-50,0,0
138.037,-50,0,0
123.017,-50,0,0
138.269,-50,0,0
83.7685,-50,0,0
82.5853,-50,0,0
101.295,-50,0,0
164.273,-50,0,0
116.926,-50,0,0
113.652,-50,0,0
101.401,-50,0,0
190.068,-50,0,0
415.673,-50,0,0
257.19,-50,0,0
28.75,-50,0,0
76.2541,-50,0,0
76.6698,-50,0,0
498.783,-50,0,0
98.53,-50,0,0
127.143,-50,0,0
126.572,-50,0,0
418.478,-50,0,0
103.408,-50,0,0
271.674,-50,0,0
125.819,-50,0,0
97.9676,-50,0,0
88.255,-50,0,0
77.0595,-50,0,0
126.182,-50,0,0
304.513,-50,0,0
103.834,-50,0,0
87.8634,-50,0,0
482.463,-50,0,0
155.612,-50,0,0
68.8195,-50,0,0
373.102,-50,0,0
130.791,-50,0,0
218.291,-50,0,0
15.7975,-50,0,0
88.3087,-50,0,0
350.814,-50,0,0
107.072,-50,0,0
330.818,-50,0,0
317.748,-50,0,0
247.413,-50,0,0
139.536,-50,0,0
351.275,-50,0,0
189.317,-50,0,0
108.739,-50,0,0
108.294,-50,0,0
151.669,-50,0,0
2.59305,-50,0,0
181.319,-50,0,0
95.1513,-50,0,0
218,-50,0,0
89.1573,-50,0,0
86.798,-50,0,0
146.972,-50,0,0
173.343,-50,0,0
74.5297,-50,0,0
106.28,-50,0,0
129.866,-50,0,0
81.1109,-50,0,0
125.606,-50,0,0
159.788,-50,0,0
94.6742,-50,0,0
130.851,-50,0,0
99.5469,-50,0,0
160.081,-50,0,0
356.032,-50,0,0
227.355,-50,0,0
95.4522,-50,0,0
139.598,-50,0,0
344.429,-50,0,0
204.812,-50,0,0
352.543,-50,0,0
552.042,-50,0,0
470.362,-50,0,0
264.888,-50,0,0
465.119,-50,0,0
110.664,-50,0,0
266.736,-50,0,0
88.9922,-50,0,0
334.586,-50,0,0
124.636,-50,0,0
152.42,-50,0,0
90.1184,-50,0,0
92.3419,-50,0,0
89.8879,-50,0,0
250.331,-50,0,0
102.641,-50,0,0
119.63,-50,0,0
91.0098,-50,0,0
146.269,-50,0,0
71.574,-50,0,0
374.309,-50,0,0
251.862,-50,0,0
128.635,-50,0,0
86.3955,-50,0,0
114.516,-50,0,0
277.967,-50,0,0
106.082,-50,0,0
259.333,-50,0,0
96.979,-50,0,0
165.445,-50,0,0
101.139,-50,0,0
691.766,-50,0,0
93.8219,-50,0,0
75.2771,-50,0,0
100.289,-50,0,0
189.309,-50,0,0
135.519,-50,0,0
97.6096,-50,0,0
283.825,-50,0,0
512.41,-50,0,0
131.556,-50,0,0
323.685,-50,0,0
129.051,-50,0,0
68.3016,-50,0,0
195.365,-50,0,0
196.562,-50,0,0
84.7624,-50,0,0
474.838,-50,0,0
154.691,-50,0,0
22.6189,-50,0,0
176.921,-50,0,0
197.559,-50,0,0
153.451,-50,0,0
78.5932,-50,0,0
236.797,-50,0,0
75.5573,-50,0,0
76.7501,-50,0,0
117.303,-50,0,0
85.7753,-50,0,0
195.572,-50,0,0
161.45,-50,0,0
141.347,-50,0,0
95.4369,-50,0,0
203.231,-50,0,0
392.857,-50,0,0
168.492,-50,0,0
196.87,-50,0,0
288.832,-50,0,0
191.559,-50,0,0
261.286,-50,0,0
298.687,-50,0,0
115.009,-50,0,0
222.299,-50,0,0
221.689,-50,0,0
93.7919,-50,0,0
85.6888,-50,0,0
287.666,-50,0,0
108.633,-50,0,0
195.035,-50,0,0
122.424,-50,0,0
150.085,-50,0,0
73.5642,-50,0,0
419.408,-50,0,0
99.9929,-50,0,0
164.379,-50,0,0
96.9968,-50,0,0
290.544,-50,0,0
90.1907,-50,0,0
141.09,-50,0,0
246.16,-50,0,0
129.677,-50,0,0
143.257,-50,0,0
73.2057,-50,0,0
106.503,-50,0,0
132.801,-50,0,0
85.0327,-50,0,0
108.822,-50,0,0
126.415,-50,0,0
109.117,-50,0,0
84.9533,-50,0,0
94.8477,-50,0,0
573.267,-50,0,0
477.061,-50,0,0
113.079,-50,0,0
113.248,-50,0,0
582.785,-50,0,0
299.951,-50,0,0
91.8264,-50,0,0
68.4656,-50,0,0
157.261,-50,0,0
304.799,-50,0,0
325.684,-50,0,0
101.146,-50,0,0
74.1896,-50,0,0
97.4708,-50,0,0
218.301,-50,0,0
139.389,-50,0,0
223.859,-50,0,0
97.6358,-50,0,0
170.692,-50,0,0
130.219,-50,0,0
199.546,-50,0,0
90.5188,-50,0,0
15.7867,-50,0,0
195.048,-50,0,0
108.192,-50,0,0
116.269,-50,0,0
99.0625,-50,0,0
102.836,-50,0,0
101.763,-50,0,0
448.858,-50,0,0
114.839,-50,0,0
98.0598,-50,0,0
112.467,-50,0,0
134.273,-50,0,0
115.422,-50,0,0
104.079,-50,0,0
68.4393,-50,0,0
97.1143,-50,0,0
187.667,-50,0,0
109.974,-50,0,0
627.428,-50,0,0
84.2235,-50,0,0
141.687,-50,0,0
120.43,-50,0,0
158.277,-50,0,0
108.188,-50,0,0
103.412,-50,0,0
267.852,-50,0,0
232.613,-50,0,0
505.402,-50,0,0
163.849,-50,0,0
93.7444,-50,0,0
109.741,-50,0,0
34.7527,-50,0,0
482.583,-50,0,0
194.069,-50,0,0
117.717,-50,0,0
97.8968,-50,0,0
86.5831,-50,0,0
192.261,-50,0,0
93.666,-50,0,0
239.26,-50,0,0
218.096,-50,0,0
306.367,-50,0,0
794.585,-50,0,0
87.1739,-50,0,0
118.025,-50,0,0
77.8648,-50,0,0
339.74,-50,0,0
80.7437,-50,0,0
133.745,-50,0,0
294.13,-50,0,0
117.119,-50,0,0
153.81,-50,0,0
83.2734,-50,0,0
154.898,-50,0,0
88.1277,-50,0,0
239.332,-50,0,0
298.024,-50,0,0
312.475,-50,0,0
24.1018,-50,0,0
83.0907,-50,0,0
110.688,-50,0,0
113.085,-50,0,0
147.401,-50,0,0
109.638,-50,0,0
119.657,-50,0,0
112.925,-50,0,0
129.078,-50,0,0
75.7143,-50,0,0
284.899,-50,0,0
147.016,-50,0,0
303.305,-50,0,0
382.449,-50,0,0
166.145,-50,0,0
97.8107,-50,0,0
213.894,-50,0,0
143.956,-50,0,0
16.8877,-50,0,0
94.9691,-50,0,0
97.7686,-50,0,0
188.377,-50,0,0
106.581,-50,0,0
95.8336,-50,0,0
250.798,-50,0,0
117.127,-50,0,0
20.5061,-50,0,0
155.098,-50,0,0
47.6083,-50,0,0
498.78,-50,0,0
200.284,-50,0,0
131.555,-50,0,0
204.932,-50,0,0
122.118,-50,0,0
242.877,-50,0,0
117.045,-50,0,0
119.115,-50,0,0
253.529,-50,0,0
95.9548,-50,0,0
479.575,-50,0,0
134.388,-50,0,0
152.848,-50,0,0
318.441,-50,0,0
296.769,-50,0,0
117.923,-50,0,0
192.585,-50,0,0
203.234,-50,0,0
84.7675,-50,0,0
106.006,-50,0,0
61.8884,-50,0,0
314.538,-50,0,0
148.278,-50,0,0
88.4307,-50,0,0
311.539,-50,0,0
373.759,-50,0,0
121.963,-50,0,0
80.5981,-50,0,0
269.735,-50,0,0
175.682,-50,0,0
223.583,-50,0,0
118.204,-50,0,0
410.315,-50,0,0
415.107,-50,0,0
101.309,-50,0,0
131.096,-50,0,0
107.564,-50,0,0
244.147,-50,0,0
103.392,-50,0,0
111.687,-50,0,0
406.747,-50,0,0
97.3018,-50,0,0
579.851,-50,0,0
144.968,-50,0,0
427.367,-50,0,0
94.9363,-50,0,0
123.734,-50,0,0
118.308,-50,0,0
257.832,-50,0,0
400.901,-50,0,0
87.6619,-50,0,0
104.676,-50,0,0
119.213,-50,0,0
259.634,-50,0,0
93.2463,-50,0,0
347.171,-50,0,0
94.4649,-50,0,0
133.782,-50,0,0
67.4523,-50,0,0
95.7101,-50,0,0
151.26,-50,0,0
213.916,-50,0,0
95.0058,-50,0,0
150.541,-50,0,0
545.95,-50,0,0
542.193,-50,0,0
297.842,-50,0,0
103.507,-50,0,0
91.8556,-50,0,0
255.569,-50,0,0
129.3,-50,0,0
206.541,-50,0,0
75.3806,-50,0,0
846.326,-50,0,0
340.464,-50,0,0
364.392,-50,0,0
252.992,-50,0,0
421.098,-50,0,0
146.569,-50,0,0
128.016,-50,0,0
104.068,-50,0,0
124.91,-50,0,0
210.746,-50,0,0
78.3968,-50,0,0
221.22,-50,0,0
79.4788,-50,0,0
78.2258,-50,0,0
91.91,-50,0,0
356.258,-50,0,0
342.508,-50,0,0
213.612,-50,0,0
104.251,-50,0,0
148.094,-50,0,0
139.781,-50,0,0
251.732,-50,0,0
89.7941,-50,0,0
156.475,-50,0,0
149.765,-50,0,0
122.769,-50,0,0
162.31,-50,0,0
105.804,-50,0,0
124.396,-50,0,0
72.0067,-50,0,0
232.069,-50,0,0
499.878,-50,0,0
419.933,-50,0,0
254.108,-50,0,0
246.417,-50,0,0
171.122,-50,0,0
223.627,-50,0,0
83.3789,-50,0,0
195.886,-50,0,0
378.066,-50,0,0
182.199,-50,0,0
249.009,-50,0,0
90.8851,-50,0,0
73.9718,-50,0,0
13.9566,-50,0,0
78.3028,-50,0,0
201.326,-50,0,0
220.361,-50,0,0
100.536,-50,0,0
243.559,-50,0,0
123.123,-50,0,0
60.7271,-50,0,0
20.0864,-50,0,0
98.5324,-50,0,0
78.962,-50,0,0
188.041,-50,0,0
129.092,-50,0,0
210.445,-50,0,0
75.324,-50,0,0
47.8238,-50,0,0
166.993,-50,0,0
196.008,-50,0,0
99.5513,-50,0,0
79.1755,-50,0,0
79.2977,-50,0,0
123.533,-50,0,0
393.274,-50,0,0
95.4001,-50,0,0
216.619,-50,0,0
104.53,-50,0,0
141.032,-50,0,0
16.0204,-50,0,0
259.801,-50,0,0
152.818,-50,0,0
102.052,-50,0,0
218.026,-50,0,0
118.476,-50,0,0
155.737,-50,0,0
87.0556,-50,0,0
867.796,-50,0,0
147.941,-50,0,0
89.306,-50,0,0
98.3771,-50,0,0
84.7894,-50,0,0
489.985,-50,0,0
69.2607,-50,0,0
222.593,-50,0,0
225.111,-50,0,0
90.6943,-50,0,0
101.634,-50,0,0
178.836,-50,0,0
262.319,-50,0,0
95.8692,-50,0,0
358.928,-50,0,0
156.864,-50,0,0
90.1187,-50,0,0
204.621,-50,0,0
200.859,-50,0,0
93.2492,-50,0,0
74.6844,-50,0,0
160.215,-50,0,0
157.65,-50,0,0
279.714,-50,0,0
161.77,-50,0,0
182.925,-50,0,0
124.168,-50,0,0
187.118,-50,0,0
133.703,-50,0,0
88.0007,-50,0,0
125.487,-50,0,0
134.001,-50,0,0
81.1737,-50,0,0
123.402,-50,0,0
88.2475,-50,0,0
77.7275,-50,0,0
146.917,-50,0,0
145.834,-50,0,0
146.264,-50,0,0
209.069,-50,0,0
287.681,-50,0,0
121.328,-50,0,0
100.007,-50,0,0
320.484,-50,0,0
70.9732,-50,0,0
13.0918,-50,0,0
79.8757,-50,0,0
232.28,-50,0,0
80.7361,-50,0,0
195.552,-50,0,0
106.711,-50,0,0
400.513,-50,0,0
240.021,-50,0,0
80.0439,-50,0,0
257.949,-50,0,0
134.727,-50,0,0
102.53,-50,0,0
304.644,-50,0,0
76.7074,-50,0,0
107.976,-50,0,0
181.674,-50,0,0
85.1981,-50,0,0
122.308,-50,0,0
451.748,-50,0,0
101.701,-50,0,0
91.9709,-50,0,0
169.617,-50,0,0
187.084,-50,0,0
227.299,-50,0,0
461.174,-50,0,0
167.429,-50,0,0
71.7266,-50,0,0
274.344,-50,0,0
199.171,-50,0,0
194.775,-50,0,0
102.131,-50,0,0
520.022,-50,0,0
164.043,-50,0,0
92.0186,-50,0,0
195.1,-50,0,0
107.541,-50,0,0
92.2002,-50,0,0
550.861,-50,0,0
323.304,-50,0,0
127.865,-50,0,0
175.488,-50,0,0
279.8,-50,0,0
106.573,-50,0,0
126.748,-50,0,0
87.9759,-50,0,0
330.216,-50,0,0
143.771,-50,0,0
86.9848,-50,0,0
88.2159,-50,0,0
98.5058,-50,0,0
126.648,-50,0,0
83.5054,-50,0,0
58.1976,-50,0,0
328.968,-50,0,0
195.829,-50,0,0
132.397,-50,0,0
129.229,-50,0,0
86.3923,-50,0,0
157.634,-50,0,0
207.2,-50,0,0
193.581,-50,0,0
279.227,-50,0,0
99.5238,-50,0,0
116.12,-50,0,0
84.0362,-50,0,0
212.736,-50,0,0
134.15,-50,0,0
203.326,-50,0,0
139.517,-50,0,0
147.749,-50,0,0
374.696,-50,0,0
40.5273,-50,0,0
128.602,-50,0,0
203.367,-50,0,0
73.6139,-50,0,0
122.227,-50,0,0
108.348,-50,0,0
126.402,-50,0,0
176.387,-50,0,0
148.387,-50,0,0
146.819,-50,0,0
354.271,-50,0,0
189.636,-50,0,0
176.09,-50,0,0
392.176,-50,0,0
124.973,-50,0,0
84.9447,-50,0,0
316.406,-50,0,0
106.329,-50,0,0
82.3037,-50,0,0
159.311,-50,0,0
81.616,-50,0,0
137.907,-50,0,0
272.421,-50,0,0
99.4833,-50,0,0
122.286,-50,0,0
135.852,-50,0,0
96.7145,-50,0,0
284.745,-50,0,0
94.7622,-50,0,0
217.874,-50,0,0
93.8104,-50,0,0
103.505,-50,0,0
122.791,-50,0,0
223.469,-50,0,0
146.72,-50,0,0
277.18,-50,0,0
106.624,-50,0,0
128.839,-50,0,0
136.439,-50,0,0
82.6522,-50,0,0
12.2018,-50,0,0
149.217,-50,0,0
155.292,-50,0,0
157.134,-50,0,0
143.209,-50,0,0
369.681,-50,0,0
87.8698,-50,0,0
84.1786,-50,0,0
99.7689,-50,0,0
117.624,-50,0,0
304.327,-50,0,0
193.478,-50,0,0
15.1198,-50,0,0
285.002,-50,0,0
14.1246,-50,0,0
409.063,-50,0,0
117.341,-50,0,0
552.431,-50,0,0
258.863,-50,0,0
60.3115,-50,0,0
120.564,-50,0,0
147.054,-50,0,0
122.423,-50,0,0
248.253,-50,0,0
130.065,-50,0,0
174.588,-50,0,0
67.0679,-50,0,0
128.561,-50,0,0
143.867,-50,0,0
511.951,-50,0,0
88.9633,-50,0,0
389.983,-50,0,0
116.226,-50,0,0
112.039,-50,0,0
179.352,-50,0,0
96.9128,-50,0,0
282.234,-50,0,0
302.067,-50,0,0
188.363,-50,0,0
190.317,-50,0,0
277.519,-50,0,0
417.182,-50,0,0
180.282,-50,0,0
126.958,-50,0,0
59.0438,-50,0,0
212.238,-50,0,0
57.5571,-50,0,0
125.595,-50,0,0
473.183,-50,0,0
67.4059,-50,0,0
232.028,-50,0,0
81.733,-50,0,0
76.9263,-50,0,0
383.623,-50,0,0
166.949,-50,0,0
70.3148,-50,0,0
132.774,-50,0,0
366.67,-50,0,0
119.329,-50,0,0
121.568,-50,0,0
84.3413,-50,0,0
504.655,-50,0,0
67.9487,-50,0,0
242.196,-50,0,0
252.997,-50,0,0
210.455,-50,0,0
417.083,-50,0,0
154.522,-50,0,0
189.296,-50,0,0
83.1319,-50,0,0
138.139,-50,0,0
275.732,-50,0,0
198.926,-50,0,0
205.257,-50,0,0
191.216,-50,0,0
305.752,-50,0,0
375.455,-50,0,0
407.116,-50,0,0
79.2008,-50,0,0
359.326,-50,0,0
14.5943,-50,0,0
326.982,-50,0,0
119.307,-50,0,0
254.938,-50,0,0
83.1186,-50,0,0
61.3649,-50,0,0
86.4538,-50,0,0
222.702,-50,0,0
139.345,-50,0,0
147.386,-50,0,0
183.195,-50,0,0
400.084,-50,0,0
139.72,-50,0,0
350.425,-50,0,0
291.452,-50,0,0
81.9567,-50,0,0
77.2334,-50,0,0
122.557,-50,0,0
93.0997,-50,0,0
89.0692,-50,0,0
113.062,-50,0,0
76.8463,-50,0,0
355.019,-50,0,0
89.9237,-50,0,0
97.7659,-50,0,0
140.102,-50,0,0
138.725,-50,0,0
166.454,-50,0,0
80.5407,-50,0,0
86.8995,-50,0,0
286.176,-50,0,0
93.2939,-50,0,0
112.621,-50,0,0
108.436,-50,0,0
8.4496,-50,0,0
97.9585,-50,0,0
90.684,-50,0,0
91.6685,-50,0,0
143.265,-50,0,0
302.978,-50,0,0
241.318,-50,0,0
258.344,-50,0,0
99.2224,-50,0,0
79.9629,-50,0,0
120.301,-50,0,0
140.627,-50,0,0
588.842,-50,0,0
140.696,-50,0,0
0.918774,-50,0,0
394.177,-50,0,0
405.51,-50,0,0
129.206,-50,0,0
136.082,-50,0,0
186.61,-50,0,0
105.794,-50,0,0
125.897,-50,0,0
269.95,-50,0,0
89.5271,-50,0,0
74.6826,-50,0,0
127.809,-50,0,0
90.6288,-50,0,0
95.2881,-50,0,0
118.073,-50,0,0
203.535,-50,0,0
10.1618,-50,0,0
65.5184,-50,0,0
138.209,-50,0,0
381.693,-50,0,0
362.747,-50,0,0
76.7366,-50,0,0
89.6313,-50,0,0
96.77,-50,0,0
435.858,-50,0,0
302.372,-50,0,0
26.7527,-50,0,0
176.482,-50,0,0
350.356,-50,0,0
94.3664,-50,0,0
232.767,-50,0,0
164.371,-50,0,0
102.71,-50,0,0
93.5876,-50,0,0
374.43,-50,0,0
169.952,-50,0,0
181.428,-50,0,0
87.1988,-50,0,0
107.759,-50,0,0
168.313,-50,0,0
80.3695,-50,0,0
166.12,-50,0,0
96.6548,-50,0,0
152.945,-50,0,0
195.635,-50,0,0
268.014,-50,0,0
123.562,-50,0,0
160.383,-50,0,0
98.6581,-50,0,0
134.411,-50,0,0
68.7701,-50,0,0
258.049,-50,0,0
123.845,-50,0,0
279.862,-50,0,0
197.426,-50,0,0
109.82,-50,0,0
117.699,-50,0,0
254.18,-50,0,0
146.605,-50,0,0
111.314,-50,0,0
109.922,-50,0,0
88.1633,-50,0,0
110.181,-50,0,0
78.1433,-50,0,0
427.579,-50,0,0
176.194,-50,0,0
457.348,-50,0,0
389.866,-50,0,0
399.324,-50,0,0
100.305,-50,0,0
133.288,-50,0,0
227.567,-50,0,0
144.985,-50,0,0
367.286,-50,0,0
151.053,-50,0,0
121.611,-50,0,0
95.3475,-50,0,0
82.8973,-50,0,0
260.425,-50,0,0
131.229,-50,0,0
244.902,-50,0,0
320.914,-50,0,0
118.791,-50,0,0
90.0034,-50,0,0
97.9434,-50,0,0
540.435,-50,0,0
94.199,-50,0,0
95.9069,-50,0,0
42.6091,-50,0,0
80.6785,-50,0,0
324.848,-50,0,0
259.258,-50,0,0
151.561,-50,0,0
137.362,-50,0,0
110.92,-50,0,0
382.492,-50,0,0
129.807,-50,0,0
100.93,-50,0,0
178.051,-50,0,0
131.146,-50,0,0
260.574,-50,0,0
249.348,-50,0,0
107.283,-50,0,0
134.652,-50,0,0
191.881,-50,0,0
98.2482,-50,0,0
87.2448,-50,0,0
152.304,-50,0,0
314.986,-50,0,0
10.3903,-50,0,0
111.164,-50,0,0
431.081,-50,0,0
88.1975,-50,0,0
99.495,-50,0,0
91.9183,-50,0,0
142.202,-50,0,0
90.7277,-50,0,0
172.95,-50,0,0
160.045,-50,0,0
209.98,-50,0,0
111.979,-50,0,0
133.482,-50,0,0
134.444,-50,0,0
291.302,-50,0,0
84.5996,-50,0,0
336.321,-50,0,0
93.657,-50,0,0
144.218,-50,0,0
136.304,-50,0,0
484.716,-50,0,0
110.867,-50,0,0
329.454,-50,0,0
80.0132,-50,0,0
164.441,-50,0,0
290.306,-50,0,0
100.166,-50,0,0
102.212,-50,0,0
90.6438,-50,0,0
123.927,-50,0,0
379.412,-50,0,0
270.731,-50,0,0
487.26,-50,0,0
203.457,-50,0,0
89.6749,-50,0,0
126.214,-50,0,0
89.9245,-50,0,0
313.98,-50,0,0
332.281,-50,0,0
94.5075,-50,0,0
255.564,-50,0,0
160.846,-50,0,0
101.535,-50,0,0
101.527,-50,0,0
478.234,-50,0,0
70.837,-50,0,0
163.019,-50,0,0
81.2965,-50,0,0
268.493,-50,0,0
269.903,-50,0,0
153.445,-50,0,0
50.2207,-50,0,0
99.9912,-50,0,0
156.086,-50,0,0
195.554,-50,0,0
124.949,-50,0,0
79.9974,-50,0,0
349.646,-50,0,0
130.953,-50,0,0
292.62,-50,0,0
327.776,-50,0,0
234.598,-50,0,0
102.78,-50,0,0
146.844,-50,0,0
60.3395,-50,0,0
196.908,-50,0,0
223.219,-50,0,0
554.14,-50,0,0
221.848,-50,0,0
103.841,-50,0,0
91.4254,-50,0,0
117.55,-50,0,0
287.67,-50,0,0
89.585,-50,0,0
112.716,-50,0,0
215.209,-50,0,0
73.5177,-50,0,0
85.5214,-50,0,0
104.814,-50,0,0
76.2278,-50,0,0
307.926,-50,0,0
124.483,-50,0,0
413.76,-50,0,0
170.639,-50,0,0
601.364,-50,0,0
82.5536,-50,0,0
277.201,-50,0,0
179.335,-50,0,0
119.673,-50,0,0
92.3917,-50,0,0
144.857,-50,0,0
210.066,-50,0,0
111.137,-50,0,0
196.393,-50,0,0
333.776,-50,0,0
308.417,-50,0,0
407.594,-50,0,0
77.055,-50,0,0
223.1,-50,0,0
115.852,-50,0,0
95.6475,-50,0,0
91.8505,-50,0,0
236.336,-50,0,0
79.0791,-50,0,0
135.192,-50,0,0
142.139,-50,0,0
107.186,-50,0,0
104.017,-50,0,0
227.62,-50,0,0
92.1193,-50,0,0
218.636,-50,0,0
350.684,-50,0,0
185.851,-50,0,0
95.117,-50,0,0
265.131,-50,0,0
77.1978,-50,0,0
125.938,-50,0,0
210.841,-50,0,0
375.981,-50,0,0
88.8066,-50,0,0
283.13,-50,0,0
138.588,-50,0,0
142.018,-50,0,0
249.597,-50,0,0
311.776,-50,0,0
165.474,-50,0,0
212.546,-50,0,0
155.481,-50,0,0
100.762,-50,0,0
511.12,-50,0,0
231.093,-50,0,0
83.6957,-50,0,0
153.07,-50,0,0
255.595,-50,0,0
157.239,-50,0,0
353.263,-50,0,0
344.287,-50,0,0
165.803,-50,0,0
148.344,-50,0,0
102.652,-50,0,0
379.711,-50,0,0
373.082,-50,0,0
238.019,-50,0,0
122.32,-50,0,0
202.202,-50,0,0
269.346,-50,0,0
76.043,-50,0,0
168.35,-50,0,0
74.7556,-50,0,0
352.922,-50,0,0
100.437,-50,0,0
145.053,-50,0,0
243.228,-50,0,0
192.16,-50,0,0
272.537,-50,0,0
348.1,-50,0,0
86.2968,-50,0,0
182.693,-50,0,0
151.057,-50,0,0
124.013,-50,0,0
119.561,-50,0,0
102.626,-50,0,0
209.501,-50,0,0
85.3297,-50,0,0
78.8415,-50,0,0
130.482,-50,0,0
81.3755,-50,0,0
136.448,-50,0,0
212.63,-50,0,0
122.405,-50,0,0
114.27,-50,0,0
392.409,-50,0,0
182.885,-50,0,0
98.8039,-50,0,0
76.7475,-50,0,0
323.268,-50,0,0
158.645,-50,0,0
100.023,-50,0,0
105.175,-50,0,0
105.793,-50,0,0
114.457,-50,0,0
114.874,-50,0,0
93.6973,-50,0,0
356.119,-50,0,0
110.798,-50,0,0
86.9855,-50,0,0
84.7669,-50,0,0
268.606,-50,0,0
112.957,-50,0,0
136.14,-50,0,0
626.907,-50,0,0
65.254,-50,0,0
354.885,-50,0,0
163.518,-50,0,0
285.66,-50,0,0
99.4746,-50,0,0
216.286,-50,0,0
280.065,-50,0,0
106.301,-50,0,0
109.136,-50,0,0
642.468,-50,0,0
118.899,-50,0,0
105.161,-50,0,0
89.9506,-50,0,0
112.47,-50,0,0
100.59,-50,0,0
71.3075,-50,0,0
139.025,-50,0,0
140.568,-50,0,0
388.353,-50,0,0
214.192,-50,0,0
86.4318,-50,0,0
92.5399,-50,0,0
195.88,-50,0,0
131.106,-50,0,0
250.134,-50,0,0
157.958,-50,0,0
214.247,-50,0,0
85.9707,-50,0,0
68.0248,-50,0,0
75.9255,-50,0,0
82.9502,-50,0,0
288.286,-50,0,0
200.387,-50,0,0
247.517,-50,0,0
265.348,-50,0,0
159.439,-50,0,0
96.8981,-50,0,0
297.241,-50,0,0
251.357,-50,0,0
237.683,-50,0,0
114.906,-50,0,0
387.599,-50,0,0
137.644,-50,0,0
306.741,-50,0,0
108.696,-50,0,0
146.297,-50,0,0
148.342,-50,0,0
747.649,-50,0,0
90.1931,-50,0,0
170.896,-50,0,0
193.725,-50,0,0
87.7586,-50,0,0
150.492,-50,0,0
126.038,-50,0,0
157.152,-50,0,0
85.5166,-50,0,0
108.752,-50,0,0
828.477,-50,0,0
74.972,-50,0,0
154.128,-50,0,0
138.444,-50,0,0
109.668,-50,0,0
199.68,-50,0,0
99.1656,-50,0,0
166.554,-50,0,0
422.999,-50,0,0
145.854,-50,0,0
253.843,-50,0,0
88.4825,-50,0,0
222.324,-50,0,0
255.525,-50,0,0
155.078,-50,0,0
262.883,-50,0,0
76.7623,-50,0,0
74.9161,-50,0,0
125.385,-50,0,0
81.3186,-50,0,0
85.7997,-50,0,0
119.272,-50,0,0
68.246,-50,0,0
70.9595,-50,0,0
347.023,-50,0,0
171.536,-50,0,0
346.617,-50,0,0
96.765,-50,0,0
293.785,-50,0,0
333.063,-50,0,0
173.087,-50,0,0
202.724,-50,0,0
407.473,-50,0,0
142.216,-50,0,0
181.92,-50,0,0
72.6094,-50,0,0
70.6344,-50,0,0
110.432,-50,0,0
169.567,-50,0,0
147.478,-50,0,0
142.202,-50,0,0
106.371,-50,0,0
119.6,-50,0,0
37.6265,-50,0,0
140.443,-50,0,0
140.19,-50,0,0
171.1,-50,0,0
280.764,-50,0,0
112.085,-50,0,0
313.906,-50,0,0
26.9132,-50,0,0
159.372,-50,0,0
204.462,-50,0,0
90.0066,-50,0,0
79.8356,-50,0,0
191.589,-50,0,0
80.8789,-50,0,0
139.33,-50,0,0
77.5936,-50,0,0
175.641,-50,0,0
95.932,-50,0,0
130.272,-50,0,0
110.321,-50,0,0
92.3224,-50,0,0
233.782,-50,0,0
114.452,-50,0,0
649.882,-50,0,0
268.109,-50,0,0
96.3907,-50,0,0
112.973,-50,0,0
132.345,-50,0,0
100.894,-50,0,0
593.853,-50,0,0
98.7009,-50,0,0
74.3959,-50,0,0
123.326,-50,0,0
175.148,-50,0,0
107.824,-50,0,0
120.815,-50,0,0
14.0549,-50,0,0
129.203,-50,0,0
469.423,-50,0,0
83.4417,-50,0,0
368.104,-50,0,0
106.129,-50,0,0
6.04185,-50,0,0
402.727,-50,0,0
109.748,-50,0,0
90.5218,-50,0,0
137.148,-50,0,0
153.325,-50,0,0
116.902,-50,0,0
257.953,-50,0,0
378.88,-50,0,0
110.803,-50,0,0
144.171,-50,0,0
127.833,-50,0,0
93.7279,-50,0,0
229.094,-50,0,0
90.4489,-50,0,0
228.462,-50,0,0
226.761,-50,0,0
95.6391,-50,0,0
171.805,-50,0,0
76.0694,-50,0,0
184.376,-50,0,0
110.183,-50,0,0
375.783,-50,0,0
111.259,-50,0,0
110.641,-50,0,0
106.344,-50,0,0
79.2615,-50,0,0
127.978,-50,0,0
145.8,-50,0,0
203.222,-50,0,0
526.037,-50,0,0
226.738,-50,0,0
139.308,-50,0,0
162.554,-50,0,0
101.387,-50,0,0
100.042,-50,0,0
94.7424,-50,0,0
104.839,-50,0,0
263.42,-50,0,0
145.958,-50,0,0
92.123,-50,0,0
212.904,-50,0,0
410.558,-50,0,0
183.957,-50,0,0
97.7664,-50,0,0
387.192,-50,0,0
280.021,-50,0,0
128.307,-50,0,0
168.918,-50,0,0
384.924,-50,0,0
54.2698,-50,0,0
421.666,-50,0,0
384.936,-50,0,0
299.099,-50,0,0
162.709,-50,0,0
142.029,-50,0,0
89.0822,-50,0,0
87.5377,-50,0,0
122.912,-50,0,0
154.164,-50,0,0
484.977,-50,0,0
153.881,-50,0,0
161.668,-50,0,0
158.613,-50,0,0
130.766,-50,0,0
64.6521,-50,0,0
176.007,-50,0,0
144.668,-50,0,0
104.822,-50,0,0
275.522,-50,0,0
195.236,-50,0,0
125.242,-50,0,0
159.924,-50,0,0
