EnergyDepositedInSi, SourceZ, SiAngleOffAxis, AbsorberThickness
198.216,-70,0,0.0044
82.3456,-70,0,0.0044
157.948,-70,0,0.0044
103.393,-70,0,0.0044
169.376,-70,0,0.0044
74.9546,-70,0,0.0044
107.472,-70,0,0.0044
104.735,-70,0,0.0044
80.9712,-70,0,0.0044
100.399,-70,0,0.0044
169.557,-70,0,0.0044
618.815,-70,0,0.0044
105.978,-70,0,0.0044
165.708,-70,0,0.0044
136.766,-70,0,0.0044
377.999,-70,0,0.0044
100.884,-70,0,0.0044
12.626,-70,0,0.0044
100.699,-70,0,0.0044
147.669,-70,0,0.0044
84.293,-70,0,0.0044
114.965,-70,0,0.0044
73.4496,-70,0,0.0044
362.819,-70,0,0.0044
149.533,-70,0,0.0044
135.111,-70,0,0.0044
245.996,-70,0,0.0044
143.811,-70,0,0.0044
122.483,-70,0,0.0044
135.533,-70,0,0.0044
216.512,-70,0,0.0044
71.1824,-70,0,0.0044
15.7975,-70,0,0.0044
200.553,-70,0,0.0044
192.288,-70,0,0.0044
77.4573,-70,0,0.0044
252.174,-70,0,0.0044
92.3009,-70,0,0.0044
100.819,-70,0,0.0044
197.855,-70,0,0.0044
314.179,-70,0,0.0044
258.129,-70,0,0.0044
114.866,-70,0,0.0044
379.54,-70,0,0.0044
170.646,-70,0,0.0044
135.825,-70,0,0.0044
147.082,-70,0,0.0044
315.733,-70,0,0.0044
149.291,-70,0,0.0044
146.499,-70,0,0.0044
95.8243,-70,0,0.0044
106.172,-70,0,0.0044
232.685,-70,0,0.0044
92.2565,-70,0,0.0044
371.771,-70,0,0.0044
85.8403,-70,0,0.0044
108.16,-70,0,0.0044
124.625,-70,0,0.0044
289.9,-70,0,0.0044
32.8284,-70,0,0.0044
92.7051,-70,0,0.0044
225.831,-70,0,0.0044
149.061,-70,0,0.0044
128.058,-70,0,0.0044
112.656,-70,0,0.0044
561.066,-70,0,0.0044
133.595,-70,0,0.0044
76.2876,-70,0,0.0044
356.225,-70,0,0.0044
384.679,-70,0,0.0044
190.233,-70,0,0.0044
569.675,-70,0,0.0044
140.717,-70,0,0.0044
100.177,-70,0,0.0044
73.0948,-70,0,0.0044
110.79,-70,0,0.0044
324.544,-70,0,0.0044
80.5861,-70,0,0.0044
79.2946,-70,0,0.0044
165.992,-70,0,0.0044
14.9723,-70,0,0.0044
107.56,-70,0,0.0044
305.504,-70,0,0.0044
316.075,-70,0,0.0044
183.235,-70,0,0.0044
82.0221,-70,0,0.0044
92.7901,-70,0,0.0044
261.685,-70,0,0.0044
112.536,-70,0,0.0044
95.4595,-70,0,0.0044
299.263,-70,0,0.0044
130.256,-70,0,0.0044
110.147,-70,0,0.0044
87.6244,-70,0,0.0044
91.2592,-70,0,0.0044
183.85,-70,0,0.0044
131.178,-70,0,0.0044
74.3479,-70,0,0.0044
112.358,-70,0,0.0044
160.715,-70,0,0.0044
87.7295,-70,0,0.0044
268.68,-70,0,0.0044
732.791,-70,0,0.0044
179.801,-70,0,0.0044
166.955,-70,0,0.0044
96.1309,-70,0,0.0044
54.5348,-70,0,0.0044
376.95,-70,0,0.0044
98.3168,-70,0,0.0044
92.049,-70,0,0.0044
100.957,-70,0,0.0044
103.748,-70,0,0.0044
75.0433,-70,0,0.0044
121.576,-70,0,0.0044
181.214,-70,0,0.0044
436.636,-70,0,0.0044
79.574,-70,0,0.0044
72.4992,-70,0,0.0044
158.616,-70,0,0.0044
104.718,-70,0,0.0044
97.4862,-70,0,0.0044
412.65,-70,0,0.0044
83.8619,-70,0,0.0044
103.718,-70,0,0.0044
83.377,-70,0,0.0044
114.937,-70,0,0.0044
343.014,-70,0,0.0044
204.133,-70,0,0.0044
412.377,-70,0,0.0044
97.6857,-70,0,0.0044
100.279,-70,0,0.0044
117.584,-70,0,0.0044
385.304,-70,0,0.0044
146.676,-70,0,0.0044
97.6917,-70,0,0.0044
121.206,-70,0,0.0044
82.128,-70,0,0.0044
243.41,-70,0,0.0044
89.0008,-70,0,0.0044
294.038,-70,0,0.0044
121.912,-70,0,0.0044
188.166,-70,0,0.0044
82.1328,-70,0,0.0044
86.7988,-70,0,0.0044
188.055,-70,0,0.0044
93.2366,-70,0,0.0044
398.903,-70,0,0.0044
121.294,-70,0,0.0044
76.0927,-70,0,0.0044
140.107,-70,0,0.0044
197.695,-70,0,0.0044
240.722,-70,0,0.0044
279.883,-70,0,0.0044
105.228,-70,0,0.0044
128.237,-70,0,0.0044
113.506,-70,0,0.0044
115.264,-70,0,0.0044
175.733,-70,0,0.0044
269.914,-70,0,0.0044
98.4006,-70,0,0.0044
146.3,-70,0,0.0044
93.7367,-70,0,0.0044
95.1492,-70,0,0.0044
141.713,-70,0,0.0044
124.891,-70,0,0.0044
234.128,-70,0,0.0044
251.343,-70,0,0.0044
86.7438,-70,0,0.0044
92.8163,-70,0,0.0044
127.286,-70,0,0.0044
112.213,-70,0,0.0044
205.598,-70,0,0.0044
147.99,-70,0,0.0044
102.253,-70,0,0.0044
179.754,-70,0,0.0044
196.219,-70,0,0.0044
95.9213,-70,0,0.0044
139.603,-70,0,0.0044
221.529,-70,0,0.0044
57.2016,-70,0,0.0044
336.751,-70,0,0.0044
112.665,-70,0,0.0044
72.885,-70,0,0.0044
84.9588,-70,0,0.0044
104.444,-70,0,0.0044
144.051,-70,0,0.0044
234.25,-70,0,0.0044
7.90084,-70,0,0.0044
113.527,-70,0,0.0044
145.786,-70,0,0.0044
350.457,-70,0,0.0044
283.171,-70,0,0.0044
104.492,-70,0,0.0044
141.691,-70,0,0.0044
402.909,-70,0,0.0044
323.996,-70,0,0.0044
109.217,-70,0,0.0044
78.0963,-70,0,0.0044
113.137,-70,0,0.0044
194.301,-70,0,0.0044
84.2838,-70,0,0.0044
165.58,-70,0,0.0044
94.8486,-70,0,0.0044
129.414,-70,0,0.0044
360.133,-70,0,0.0044
497.102,-70,0,0.0044
91.2961,-70,0,0.0044
150.397,-70,0,0.0044
210.131,-70,0,0.0044
104.529,-70,0,0.0044
185.733,-70,0,0.0044
456.692,-70,0,0.0044
512.753,-70,0,0.0044
102.52,-70,0,0.0044
49.2342,-70,0,0.0044
297.834,-70,0,0.0044
160.802,-70,0,0.0044
174.43,-70,0,0.0044
160.595,-70,0,0.0044
312.056,-70,0,0.0044
107.265,-70,0,0.0044
84.9241,-70,0,0.0044
200.563,-70,0,0.0044
116.879,-70,0,0.0044
78.6281,-70,0,0.0044
490.803,-70,0,0.0044
205.709,-70,0,0.0044
72.4437,-70,0,0.0044
141.32,-70,0,0.0044
284.624,-70,0,0.0044
88.0376,-70,0,0.0044
86.3963,-70,0,0.0044
267.007,-70,0,0.0044
120.424,-70,0,0.0044
270.145,-70,0,0.0044
331.136,-70,0,0.0044
178.198,-70,0,0.0044
111.014,-70,0,0.0044
186.238,-70,0,0.0044
91.5386,-70,0,0.0044
105.15,-70,0,0.0044
91.0412,-70,0,0.0044
105.53,-70,0,0.0044
80.3771,-70,0,0.0044
121.968,-70,0,0.0044
119.176,-70,0,0.0044
391.938,-70,0,0.0044
196.728,-70,0,0.0044
90.9299,-70,0,0.0044
66.8546,-70,0,0.0044
79.184,-70,0,0.0044
151.753,-70,0,0.0044
27.8842,-70,0,0.0044
105.672,-70,0,0.0044
76.1373,-70,0,0.0044
85.3643,-70,0,0.0044
374.652,-70,0,0.0044
95.5076,-70,0,0.0044
120.616,-70,0,0.0044
79.9516,-70,0,0.0044
55.1841,-70,0,0.0044
194.221,-70,0,0.0044
110.398,-70,0,0.0044
73.7662,-70,0,0.0044
81.4559,-70,0,0.0044
67.6753,-70,0,0.0044
81.3446,-70,0,0.0044
85.9103,-70,0,0.0044
184.503,-70,0,0.0044
92.5294,-70,0,0.0044
103.98,-70,0,0.0044
126.553,-70,0,0.0044
151.939,-70,0,0.0044
93.7876,-70,0,0.0044
118.243,-70,0,0.0044
348.805,-70,0,0.0044
103.253,-70,0,0.0044
97.1889,-70,0,0.0044
117.976,-70,0,0.0044
162.382,-70,0,0.0044
97.6282,-70,0,0.0044
248.502,-70,0,0.0044
452.565,-70,0,0.0044
61.4832,-70,0,0.0044
181.45,-70,0,0.0044
94.2826,-70,0,0.0044
218.096,-70,0,0.0044
133.376,-70,0,0.0044
122.164,-70,0,0.0044
84.4404,-70,0,0.0044
303.932,-70,0,0.0044
117.354,-70,0,0.0044
563.13,-70,0,0.0044
140.591,-70,0,0.0044
164.779,-70,0,0.0044
170.747,-70,0,0.0044
115.755,-70,0,0.0044
447.196,-70,0,0.0044
115.279,-70,0,0.0044
82.2376,-70,0,0.0044
101.712,-70,0,0.0044
316.081,-70,0,0.0044
660.507,-70,0,0.0044
317.633,-70,0,0.0044
100.402,-70,0,0.0044
256.524,-70,0,0.0044
202.792,-70,0,0.0044
155.911,-70,0,0.0044
53.4348,-70,0,0.0044
182.165,-70,0,0.0044
222.167,-70,0,0.0044
526.254,-70,0,0.0044
122.877,-70,0,0.0044
102.712,-70,0,0.0044
107.766,-70,0,0.0044
153.649,-70,0,0.0044
276.824,-70,0,0.0044
198.353,-70,0,0.0044
115.713,-70,0,0.0044
87.9539,-70,0,0.0044
110.553,-70,0,0.0044
122.857,-70,0,0.0044
136.761,-70,0,0.0044
317.809,-70,0,0.0044
89.182,-70,0,0.0044
123.864,-70,0,0.0044
118.93,-70,0,0.0044
206.699,-70,0,0.0044
163.413,-70,0,0.0044
82.8501,-70,0,0.0044
98.9474,-70,0,0.0044
153.438,-70,0,0.0044
132.855,-70,0,0.0044
98.1914,-70,0,0.0044
35.976,-70,0,0.0044
120.92,-70,0,0.0044
291.771,-70,0,0.0044
104.002,-70,0,0.0044
118.617,-70,0,0.0044
95.6804,-70,0,0.0044
102.581,-70,0,0.0044
88.5651,-70,0,0.0044
156.456,-70,0,0.0044
313.441,-70,0,0.0044
351.49,-70,0,0.0044
310.037,-70,0,0.0044
168.14,-70,0,0.0044
23.0673,-70,0,0.0044
101.129,-70,0,0.0044
282.342,-70,0,0.0044
344.933,-70,0,0.0044
129.917,-70,0,0.0044
135.691,-70,0,0.0044
129.362,-70,0,0.0044
127.729,-70,0,0.0044
90.7599,-70,0,0.0044
12.1545,-70,0,0.0044
138.84,-70,0,0.0044
180.766,-70,0,0.0044
157.954,-70,0,0.0044
104.098,-70,0,0.0044
419.062,-70,0,0.0044
99.8505,-70,0,0.0044
222.396,-70,0,0.0044
104.803,-70,0,0.0044
107.25,-70,0,0.0044
117.642,-70,0,0.0044
93.1635,-70,0,0.0044
221.12,-70,0,0.0044
252.69,-70,0,0.0044
187.216,-70,0,0.0044
113.877,-70,0,0.0044
110.506,-70,0,0.0044
103.103,-70,0,0.0044
154.772,-70,0,0.0044
351.165,-70,0,0.0044
272.38,-70,0,0.0044
100.2,-70,0,0.0044
408.836,-70,0,0.0044
266.413,-70,0,0.0044
73.1142,-70,0,0.0044
100.456,-70,0,0.0044
289.316,-70,0,0.0044
80.6334,-70,0,0.0044
110.124,-70,0,0.0044
111.553,-70,0,0.0044
112.783,-70,0,0.0044
237.397,-70,0,0.0044
266.64,-70,0,0.0044
344.455,-70,0,0.0044
446.943,-70,0,0.0044
170.281,-70,0,0.0044
322.896,-70,0,0.0044
412.282,-70,0,0.0044
69.1697,-70,0,0.0044
286.459,-70,0,0.0044
180.109,-70,0,0.0044
7.37837,-70,0,0.0044
459.929,-70,0,0.0044
535.756,-70,0,0.0044
297.833,-70,0,0.0044
240.194,-70,0,0.0044
108.591,-70,0,0.0044
96.6929,-70,0,0.0044
185.164,-70,0,0.0044
495.509,-70,0,0.0044
761.963,-70,0,0.0044
477.266,-70,0,0.0044
111.661,-70,0,0.0044
120.102,-70,0,0.0044
204.959,-70,0,0.0044
116.014,-70,0,0.0044
79.7204,-70,0,0.0044
186.251,-70,0,0.0044
377.635,-70,0,0.0044
174.415,-70,0,0.0044
97.0042,-70,0,0.0044
341.052,-70,0,0.0044
121.257,-70,0,0.0044
93.1771,-70,0,0.0044
132.355,-70,0,0.0044
166.842,-70,0,0.0044
111.677,-70,0,0.0044
229.934,-70,0,0.0044
389.112,-70,0,0.0044
108.017,-70,0,0.0044
41.7775,-70,0,0.0044
259.764,-70,0,0.0044
86.0998,-70,0,0.0044
220.695,-70,0,0.0044
99.272,-70,0,0.0044
152.28,-70,0,0.0044
150.185,-70,0,0.0044
76.0013,-70,0,0.0044
333.959,-70,0,0.0044
112.299,-70,0,0.0044
106.233,-70,0,0.0044
108.709,-70,0,0.0044
123.308,-70,0,0.0044
241.514,-70,0,0.0044
90.2855,-70,0,0.0044
112.104,-70,0,0.0044
233.857,-70,0,0.0044
132.048,-70,0,0.0044
424.144,-70,0,0.0044
407.415,-70,0,0.0044
113.694,-70,0,0.0044
102.553,-70,0,0.0044
75.9354,-70,0,0.0044
116.869,-70,0,0.0044
104.831,-70,0,0.0044
103.194,-70,0,0.0044
26.978,-70,0,0.0044
491.764,-70,0,0.0044
120.215,-70,0,0.0044
116.141,-70,0,0.0044
128.995,-70,0,0.0044
191.647,-70,0,0.0044
71.256,-70,0,0.0044
231.641,-70,0,0.0044
119.814,-70,0,0.0044
73.7897,-70,0,0.0044
14.0549,-70,0,0.0044
194.494,-70,0,0.0044
85.1884,-70,0,0.0044
307.602,-70,0,0.0044
127.499,-70,0,0.0044
410.995,-70,0,0.0044
94.6545,-70,0,0.0044
105.332,-70,0,0.0044
374.263,-70,0,0.0044
235.201,-70,0,0.0044
318.425,-70,0,0.0044
301.725,-70,0,0.0044
303.333,-70,0,0.0044
187.248,-70,0,0.0044
216.518,-70,0,0.0044
58.8436,-70,0,0.0044
78.5065,-70,0,0.0044
91.643,-70,0,0.0044
80.5876,-70,0,0.0044
26.1844,-70,0,0.0044
91.7982,-70,0,0.0044
102.316,-70,0,0.0044
92.1144,-70,0,0.0044
273.428,-70,0,0.0044
102.965,-70,0,0.0044
187.438,-70,0,0.0044
85.2637,-70,0,0.0044
720.713,-70,0,0.0044
114.439,-70,0,0.0044
155.267,-70,0,0.0044
63.2998,-70,0,0.0044
112.052,-70,0,0.0044
86.4935,-70,0,0.0044
86.5697,-70,0,0.0044
77.1236,-70,0,0.0044
97.4678,-70,0,0.0044
109.068,-70,0,0.0044
124.317,-70,0,0.0044
370.842,-70,0,0.0044
389.829,-70,0,0.0044
224.653,-70,0,0.0044
114.578,-70,0,0.0044
100.757,-70,0,0.0044
