EnergyDepositedInSi, SourceZ, SiAngleOffAxis, AbsorberThickness
180.468,-40,0,0.0044
314.11,-40,0,0.0044
102.859,-40,0,0.0044
81.9646,-40,0,0.0044
78.7341,-40,0,0.0044
155.18,-40,0,0.0044
289.804,-40,0,0.0044
98.9457,-40,0,0.0044
128.424,-40,0,0.0044
138.845,-40,0,0.0044
126.184,-40,0,0.0044
139.104,-40,0,0.0044
106.521,-40,0,0.0044
322.844,-40,0,0.0044
104.472,-40,0,0.0044
162.637,-40,0,0.0044
294.306,-40,0,0.0044
125.597,-40,0,0.0044
122.4,-40,0,0.0044
92.6001,-40,0,0.0044
441.682,-40,0,0.0044
94.6955,-40,0,0.0044
83.9317,-40,0,0.0044
499.622,-40,0,0.0044
168.447,-40,0,0.0044
84.598,-40,0,0.0044
396.644,-40,0,0.0044
94.8949,-40,0,0.0044
207.542,-40,0,0.0044
335.542,-40,0,0.0044
20.5006,-40,0,0.0044
85.0851,-40,0,0.0044
453.652,-40,0,0.0044
20.7152,-40,0,0.0044
149.398,-40,0,0.0044
206.415,-40,0,0.0044
149.296,-40,0,0.0044
212.495,-40,0,0.0044
110.018,-40,0,0.0044
136.167,-40,0,0.0044
136.713,-40,0,0.0044
287.53,-40,0,0.0044
86.125,-40,0,0.0044
154.358,-40,0,0.0044
216.399,-40,0,0.0044
363.637,-40,0,0.0044
168.93,-40,0,0.0044
722.004,-40,0,0.0044
116.374,-40,0,0.0044
257.635,-40,0,0.0044
166.069,-40,0,0.0044
120.201,-40,0,0.0044
180.459,-40,0,0.0044
227.966,-40,0,0.0044
100.618,-40,0,0.0044
114.873,-40,0,0.0044
173.413,-40,0,0.0044
122.6,-40,0,0.0044
114.739,-40,0,0.0044
131.261,-40,0,0.0044
77.7959,-40,0,0.0044
154.202,-40,0,0.0044
149.712,-40,0,0.0044
124.307,-40,0,0.0044
412.208,-40,0,0.0044
70.33,-40,0,0.0044
86.6393,-40,0,0.0044
143.734,-40,0,0.0044
70.4532,-40,0,0.0044
167.102,-40,0,0.0044
212.39,-40,0,0.0044
181.847,-40,0,0.0044
87.116,-40,0,0.0044
111.63,-40,0,0.0044
374.674,-40,0,0.0044
189.824,-40,0,0.0044
94.0558,-40,0,0.0044
395.181,-40,0,0.0044
91.2929,-40,0,0.0044
266.243,-40,0,0.0044
111.787,-40,0,0.0044
415.734,-40,0,0.0044
370.878,-40,0,0.0044
549.617,-40,0,0.0044
88.3603,-40,0,0.0044
40.4046,-40,0,0.0044
293.494,-40,0,0.0044
50.1318,-40,0,0.0044
165.763,-40,0,0.0044
124.012,-40,0,0.0044
125.52,-40,0,0.0044
123.218,-40,0,0.0044
554.888,-40,0,0.0044
88.4201,-40,0,0.0044
98.1218,-40,0,0.0044
202.12,-40,0,0.0044
113.303,-40,0,0.0044
148.952,-40,0,0.0044
145.223,-40,0,0.0044
132.736,-40,0,0.0044
117.021,-40,0,0.0044
180.459,-40,0,0.0044
88.0889,-40,0,0.0044
80.4409,-40,0,0.0044
99.137,-40,0,0.0044
99.1154,-40,0,0.0044
333.557,-40,0,0.0044
101.913,-40,0,0.0044
87.2697,-40,0,0.0044
212.35,-40,0,0.0044
107.753,-40,0,0.0044
134.027,-40,0,0.0044
315.692,-40,0,0.0044
118.891,-40,0,0.0044
130.918,-40,0,0.0044
88.4773,-40,0,0.0044
89.8064,-40,0,0.0044
39.4859,-40,0,0.0044
112.79,-40,0,0.0044
242.75,-40,0,0.0044
184.408,-40,0,0.0044
49.3231,-40,0,0.0044
87.2996,-40,0,0.0044
136.29,-40,0,0.0044
99.531,-40,0,0.0044
299.929,-40,0,0.0044
126.138,-40,0,0.0044
233.453,-40,0,0.0044
153.253,-40,0,0.0044
304.696,-40,0,0.0044
272.975,-40,0,0.0044
118.807,-40,0,0.0044
121.389,-40,0,0.0044
316.921,-40,0,0.0044
450.97,-40,0,0.0044
147.516,-40,0,0.0044
276.366,-40,0,0.0044
204.63,-40,0,0.0044
444.087,-40,0,0.0044
114.165,-40,0,0.0044
100.632,-40,0,0.0044
111.77,-40,0,0.0044
79.1871,-40,0,0.0044
210.525,-40,0,0.0044
137.603,-40,0,0.0044
111.801,-40,0,0.0044
101.514,-40,0,0.0044
128.547,-40,0,0.0044
489.592,-40,0,0.0044
443.888,-40,0,0.0044
87.1731,-40,0,0.0044
223.028,-40,0,0.0044
104.092,-40,0,0.0044
359.339,-40,0,0.0044
127.658,-40,0,0.0044
98.9777,-40,0,0.0044
240.318,-40,0,0.0044
91.4175,-40,0,0.0044
386.945,-40,0,0.0044
125.936,-40,0,0.0044
82.3377,-40,0,0.0044
224.597,-40,0,0.0044
246.347,-40,0,0.0044
184.2,-40,0,0.0044
166.465,-40,0,0.0044
119.834,-40,0,0.0044
163.072,-40,0,0.0044
95.1853,-40,0,0.0044
120.181,-40,0,0.0044
107.387,-40,0,0.0044
122.967,-40,0,0.0044
301.367,-40,0,0.0044
187.36,-40,0,0.0044
13.2565,-40,0,0.0044
74.2874,-40,0,0.0044
87.9525,-40,0,0.0044
195.111,-40,0,0.0044
338.428,-40,0,0.0044
106.998,-40,0,0.0044
84.5909,-40,0,0.0044
330.878,-40,0,0.0044
117.21,-40,0,0.0044
91.2774,-40,0,0.0044
513.047,-40,0,0.0044
126.042,-40,0,0.0044
605.617,-40,0,0.0044
105.311,-40,0,0.0044
196.867,-40,0,0.0044
286.361,-40,0,0.0044
464.809,-40,0,0.0044
182.93,-40,0,0.0044
79.9968,-40,0,0.0044
74.7744,-40,0,0.0044
18.9533,-40,0,0.0044
305.893,-40,0,0.0044
145.488,-40,0,0.0044
225.873,-40,0,0.0044
164.925,-40,0,0.0044
124.63,-40,0,0.0044
148.765,-40,0,0.0044
150.8,-40,0,0.0044
279.644,-40,0,0.0044
96.2075,-40,0,0.0044
88.8341,-40,0,0.0044
101.197,-40,0,0.0044
100.892,-40,0,0.0044
370.174,-40,0,0.0044
87.8434,-40,0,0.0044
403.612,-40,0,0.0044
136.057,-40,0,0.0044
75.2299,-40,0,0.0044
138.93,-40,0,0.0044
104.155,-40,0,0.0044
147.225,-40,0,0.0044
141.021,-40,0,0.0044
89.5516,-40,0,0.0044
219.623,-40,0,0.0044
105.181,-40,0,0.0044
472.714,-40,0,0.0044
94.637,-40,0,0.0044
78.4456,-40,0,0.0044
115.225,-40,0,0.0044
146.92,-40,0,0.0044
247.287,-40,0,0.0044
177.576,-40,0,0.0044
169.491,-40,0,0.0044
205.122,-40,0,0.0044
122.514,-40,0,0.0044
118.461,-40,0,0.0044
332.623,-40,0,0.0044
109.451,-40,0,0.0044
101.998,-40,0,0.0044
144.038,-40,0,0.0044
140.232,-40,0,0.0044
90.2704,-40,0,0.0044
538.952,-40,0,0.0044
96.7178,-40,0,0.0044
177.064,-40,0,0.0044
118.637,-40,0,0.0044
81.5737,-40,0,0.0044
231.755,-40,0,0.0044
159.101,-40,0,0.0044
14.1246,-40,0,0.0044
62.8772,-40,0,0.0044
271.8,-40,0,0.0044
88.2966,-40,0,0.0044
559.64,-40,0,0.0044
19.7104,-40,0,0.0044
94.1074,-40,0,0.0044
170.549,-40,0,0.0044
296.266,-40,0,0.0044
147.613,-40,0,0.0044
33.2251,-40,0,0.0044
111.332,-40,0,0.0044
202.703,-40,0,0.0044
143.784,-40,0,0.0044
111.055,-40,0,0.0044
258.322,-40,0,0.0044
99.4424,-40,0,0.0044
115.296,-40,0,0.0044
283.423,-40,0,0.0044
201.727,-40,0,0.0044
134.344,-40,0,0.0044
139.145,-40,0,0.0044
273.243,-40,0,0.0044
346.74,-40,0,0.0044
104.487,-40,0,0.0044
85.4308,-40,0,0.0044
91.6524,-40,0,0.0044
867.399,-40,0,0.0044
149.116,-40,0,0.0044
126.365,-40,0,0.0044
92.7411,-40,0,0.0044
193.775,-40,0,0.0044
98.8338,-40,0,0.0044
181.126,-40,0,0.0044
457.452,-40,0,0.0044
100.633,-40,0,0.0044
180.999,-40,0,0.0044
132.553,-40,0,0.0044
92.8155,-40,0,0.0044
888.927,-40,0,0.0044
150.52,-40,0,0.0044
337.024,-40,0,0.0044
217.814,-40,0,0.0044
171.607,-40,0,0.0044
133.983,-40,0,0.0044
396.275,-40,0,0.0044
215.388,-40,0,0.0044
131.976,-40,0,0.0044
152.619,-40,0,0.0044
172.699,-40,0,0.0044
444.802,-40,0,0.0044
13.0581,-40,0,0.0044
224.98,-40,0,0.0044
107.444,-40,0,0.0044
320.38,-40,0,0.0044
154.421,-40,0,0.0044
232.082,-40,0,0.0044
243.516,-40,0,0.0044
164.102,-40,0,0.0044
63.9773,-40,0,0.0044
138.465,-40,0,0.0044
138.002,-40,0,0.0044
91.1527,-40,0,0.0044
326.893,-40,0,0.0044
257.967,-40,0,0.0044
108.37,-40,0,0.0044
400.795,-40,0,0.0044
100.392,-40,0,0.0044
100.665,-40,0,0.0044
344.561,-40,0,0.0044
152.677,-40,0,0.0044
232.614,-40,0,0.0044
127.811,-40,0,0.0044
175.696,-40,0,0.0044
314.952,-40,0,0.0044
142.743,-40,0,0.0044
122.868,-40,0,0.0044
341.32,-40,0,0.0044
79.4879,-40,0,0.0044
205.353,-40,0,0.0044
172.023,-40,0,0.0044
105.922,-40,0,0.0044
353.536,-40,0,0.0044
91.2664,-40,0,0.0044
283.711,-40,0,0.0044
165.745,-40,0,0.0044
186.195,-40,0,0.0044
243.608,-40,0,0.0044
107.299,-40,0,0.0044
144.654,-40,0,0.0044
135.503,-40,0,0.0044
372.055,-40,0,0.0044
132.895,-40,0,0.0044
87.318,-40,0,0.0044
155.55,-40,0,0.0044
10.6635,-40,0,0.0044
99.9283,-40,0,0.0044
106.864,-40,0,0.0044
89.873,-40,0,0.0044
90.4104,-40,0,0.0044
91.4539,-40,0,0.0044
87.6501,-40,0,0.0044
353.986,-40,0,0.0044
119.185,-40,0,0.0044
504.68,-40,0,0.0044
157.512,-40,0,0.0044
227.397,-40,0,0.0044
139.376,-40,0,0.0044
148.033,-40,0,0.0044
115.661,-40,0,0.0044
217.044,-40,0,0.0044
74.5124,-40,0,0.0044
95.9852,-40,0,0.0044
663,-40,0,0.0044
345.898,-40,0,0.0044
88.3916,-40,0,0.0044
92.3723,-40,0,0.0044
90.2134,-40,0,0.0044
153.389,-40,0,0.0044
115.184,-40,0,0.0044
218.373,-40,0,0.0044
294.205,-40,0,0.0044
56.8487,-40,0,0.0044
445.428,-40,0,0.0044
93.9649,-40,0,0.0044
107.216,-40,0,0.0044
364.689,-40,0,0.0044
113.803,-40,0,0.0044
250.808,-40,0,0.0044
92.1111,-40,0,0.0044
86.3314,-40,0,0.0044
242.062,-40,0,0.0044
84.4144,-40,0,0.0044
316.72,-40,0,0.0044
213.619,-40,0,0.0044
70.6689,-40,0,0.0044
99.4993,-40,0,0.0044
372.759,-40,0,0.0044
96.5626,-40,0,0.0044
114.234,-40,0,0.0044
119.286,-40,0,0.0044
96.8034,-40,0,0.0044
359.949,-40,0,0.0044
116.831,-40,0,0.0044
65.0222,-40,0,0.0044
133.743,-40,0,0.0044
112.703,-40,0,0.0044
306.943,-40,0,0.0044
137.518,-40,0,0.0044
109.519,-40,0,0.0044
147.531,-40,0,0.0044
85.3972,-40,0,0.0044
123.835,-40,0,0.0044
485.819,-40,0,0.0044
104.705,-40,0,0.0044
115.784,-40,0,0.0044
255.929,-40,0,0.0044
155.99,-40,0,0.0044
96.8135,-40,0,0.0044
124.357,-40,0,0.0044
230.365,-40,0,0.0044
331.969,-40,0,0.0044
24.7299,-40,0,0.0044
191.05,-40,0,0.0044
152.292,-40,0,0.0044
154.61,-40,0,0.0044
406.019,-40,0,0.0044
105.707,-40,0,0.0044
115.341,-40,0,0.0044
161.205,-40,0,0.0044
104.722,-40,0,0.0044
195.497,-40,0,0.0044
127.321,-40,0,0.0044
181.552,-40,0,0.0044
109.911,-40,0,0.0044
152.454,-40,0,0.0044
90.8367,-40,0,0.0044
131.335,-40,0,0.0044
67.9485,-40,0,0.0044
130.477,-40,0,0.0044
114.875,-40,0,0.0044
225.447,-40,0,0.0044
182.581,-40,0,0.0044
153.965,-40,0,0.0044
99.0999,-40,0,0.0044
152.31,-40,0,0.0044
99.7133,-40,0,0.0044
104.107,-40,0,0.0044
187.554,-40,0,0.0044
151.671,-40,0,0.0044
11.4033,-40,0,0.0044
320.149,-40,0,0.0044
228.547,-40,0,0.0044
101.593,-40,0,0.0044
101.768,-40,0,0.0044
475.49,-40,0,0.0044
291.688,-40,0,0.0044
502.676,-40,0,0.0044
111.283,-40,0,0.0044
185.641,-40,0,0.0044
107.687,-40,0,0.0044
663.871,-40,0,0.0044
103.346,-40,0,0.0044
370.358,-40,0,0.0044
308.972,-40,0,0.0044
165.049,-40,0,0.0044
135.947,-40,0,0.0044
272.015,-40,0,0.0044
78.1877,-40,0,0.0044
115.771,-40,0,0.0044
117.867,-40,0,0.0044
143.994,-40,0,0.0044
500.648,-40,0,0.0044
460.083,-40,0,0.0044
374.925,-40,0,0.0044
105.125,-40,0,0.0044
340.501,-40,0,0.0044
151.238,-40,0,0.0044
90.8177,-40,0,0.0044
494.582,-40,0,0.0044
83.1229,-40,0,0.0044
100.916,-40,0,0.0044
99.0604,-40,0,0.0044
115.196,-40,0,0.0044
112.044,-40,0,0.0044
431.863,-40,0,0.0044
101.534,-40,0,0.0044
126.249,-40,0,0.0044
33.695,-40,0,0.0044
150.758,-40,0,0.0044
378.377,-40,0,0.0044
102.545,-40,0,0.0044
90.173,-40,0,0.0044
74.3581,-40,0,0.0044
87.6668,-40,0,0.0044
107.185,-40,0,0.0044
117.904,-40,0,0.0044
53.6512,-40,0,0.0044
97.5587,-40,0,0.0044
126.566,-40,0,0.0044
192.569,-40,0,0.0044
96.1817,-40,0,0.0044
13.8627,-40,0,0.0044
109.712,-40,0,0.0044
176.878,-40,0,0.0044
221.67,-40,0,0.0044
113.843,-40,0,0.0044
92.8278,-40,0,0.0044
174.229,-40,0,0.0044
68.617,-40,0,0.0044
80.3079,-40,0,0.0044
75.969,-40,0,0.0044
744.317,-40,0,0.0044
132.56,-40,0,0.0044
250.1,-40,0,0.0044
298.962,-40,0,0.0044
6.42832,-40,0,0.0044
110.571,-40,0,0.0044
92.1689,-40,0,0.0044
245.31,-40,0,0.0044
299.016,-40,0,0.0044
132.007,-40,0,0.0044
203.723,-40,0,0.0044
87.8837,-40,0,0.0044
96.3921,-40,0,0.0044
310.517,-40,0,0.0044
166.645,-40,0,0.0044
100.577,-40,0,0.0044
477.754,-40,0,0.0044
120.31,-40,0,0.0044
354.867,-40,0,0.0044
104.716,-40,0,0.0044
346.91,-40,0,0.0044
190.317,-40,0,0.0044
104.15,-40,0,0.0044
593.521,-40,0,0.0044
98.2128,-40,0,0.0044
302.893,-40,0,0.0044
170.533,-40,0,0.0044
41.7759,-40,0,0.0044
134.177,-40,0,0.0044
228.999,-40,0,0.0044
113.522,-40,0,0.0044
88.9207,-40,0,0.0044
70.7219,-40,0,0.0044
221.719,-40,0,0.0044
494.563,-40,0,0.0044
102.252,-40,0,0.0044
113.829,-40,0,0.0044
132.341,-40,0,0.0044
13.5068,-40,0,0.0044
218.524,-40,0,0.0044
94.3701,-40,0,0.0044
96.7788,-40,0,0.0044
259.867,-40,0,0.0044
129.384,-40,0,0.0044
138.709,-40,0,0.0044
239.29,-40,0,0.0044
78.4038,-40,0,0.0044
161.326,-40,0,0.0044
228.02,-40,0,0.0044
121.263,-40,0,0.0044
119.35,-40,0,0.0044
140.234,-40,0,0.0044
324.981,-40,0,0.0044
202.958,-40,0,0.0044
218.157,-40,0,0.0044
352.46,-40,0,0.0044
138.699,-40,0,0.0044
87.4396,-40,0,0.0044
218.821,-40,0,0.0044
78.1574,-40,0,0.0044
180.687,-40,0,0.0044
245.315,-40,0,0.0044
135.001,-40,0,0.0044
321.454,-40,0,0.0044
118.97,-40,0,0.0044
69.2772,-40,0,0.0044
86.8765,-40,0,0.0044
132.877,-40,0,0.0044
102.303,-40,0,0.0044
116.777,-40,0,0.0044
205.66,-40,0,0.0044
331.665,-40,0,0.0044
150.871,-40,0,0.0044
120.147,-40,0,0.0044
331.527,-40,0,0.0044
82.2724,-40,0,0.0044
171.721,-40,0,0.0044
94.6217,-40,0,0.0044
395.582,-40,0,0.0044
167.386,-40,0,0.0044
78.6108,-40,0,0.0044
312.526,-40,0,0.0044
303.012,-40,0,0.0044
229.196,-40,0,0.0044
118.345,-40,0,0.0044
220.576,-40,0,0.0044
87.2684,-40,0,0.0044
118.167,-40,0,0.0044
110.06,-40,0,0.0044
175.933,-40,0,0.0044
137.775,-40,0,0.0044
99.6112,-40,0,0.0044
97.9238,-40,0,0.0044
75.6035,-40,0,0.0044
129.247,-40,0,0.0044
127.374,-40,0,0.0044
188.059,-40,0,0.0044
401.73,-40,0,0.0044
168.202,-40,0,0.0044
111.889,-40,0,0.0044
221.453,-40,0,0.0044
75.3604,-40,0,0.0044
103.444,-40,0,0.0044
486.318,-40,0,0.0044
125.889,-40,0,0.0044
214.955,-40,0,0.0044
127.392,-40,0,0.0044
74.1145,-40,0,0.0044
232.347,-40,0,0.0044
111.136,-40,0,0.0044
160.826,-40,0,0.0044
94.4223,-40,0,0.0044
426.694,-40,0,0.0044
80.0111,-40,0,0.0044
113.401,-40,0,0.0044
150.581,-40,0,0.0044
87.6614,-40,0,0.0044
122.92,-40,0,0.0044
627.959,-40,0,0.0044
478.484,-40,0,0.0044
338.337,-40,0,0.0044
289.296,-40,0,0.0044
251.221,-40,0,0.0044
130.505,-40,0,0.0044
599.416,-40,0,0.0044
84.242,-40,0,0.0044
453.171,-40,0,0.0044
92.8905,-40,0,0.0044
396.126,-40,0,0.0044
154.012,-40,0,0.0044
321.665,-40,0,0.0044
93.9039,-40,0,0.0044
327.315,-40,0,0.0044
122.705,-40,0,0.0044
122.303,-40,0,0.0044
334.202,-40,0,0.0044
55.2241,-40,0,0.0044
179.195,-40,0,0.0044
594.868,-40,0,0.0044
401.701,-40,0,0.0044
88.3315,-40,0,0.0044
76.8518,-40,0,0.0044
131.19,-40,0,0.0044
44.81,-40,0,0.0044
77.9404,-40,0,0.0044
416.414,-40,0,0.0044
117.153,-40,0,0.0044
135.922,-40,0,0.0044
182.757,-40,0,0.0044
138.761,-40,0,0.0044
257.318,-40,0,0.0044
129.884,-40,0,0.0044
100.453,-40,0,0.0044
114.504,-40,0,0.0044
562.776,-40,0,0.0044
107.436,-40,0,0.0044
138.279,-40,0,0.0044
264.417,-40,0,0.0044
185.066,-40,0,0.0044
83.4243,-40,0,0.0044
97.2736,-40,0,0.0044
157.583,-40,0,0.0044
189.93,-40,0,0.0044
134.9,-40,0,0.0044
121.121,-40,0,0.0044
121.856,-40,0,0.0044
113.058,-40,0,0.0044
106.465,-40,0,0.0044
148.882,-40,0,0.0044
284.504,-40,0,0.0044
301.549,-40,0,0.0044
226.618,-40,0,0.0044
133.429,-40,0,0.0044
279.978,-40,0,0.0044
131.521,-40,0,0.0044
235.145,-40,0,0.0044
159.048,-40,0,0.0044
89.5575,-40,0,0.0044
90.4642,-40,0,0.0044
269.754,-40,0,0.0044
308.549,-40,0,0.0044
112.641,-40,0,0.0044
161.103,-40,0,0.0044
96.2551,-40,0,0.0044
295.378,-40,0,0.0044
194.023,-40,0,0.0044
91.8318,-40,0,0.0044
13.6691,-40,0,0.0044
108.644,-40,0,0.0044
93.3862,-40,0,0.0044
149.766,-40,0,0.0044
128.264,-40,0,0.0044
229.707,-40,0,0.0044
123.829,-40,0,0.0044
96.0457,-40,0,0.0044
76.2048,-40,0,0.0044
455.703,-40,0,0.0044
140.365,-40,0,0.0044
180.267,-40,0,0.0044
302.152,-40,0,0.0044
463.117,-40,0,0.0044
578.751,-40,0,0.0044
176.183,-40,0,0.0044
194.665,-40,0,0.0044
270.89,-40,0,0.0044
105.378,-40,0,0.0044
277.472,-40,0,0.0044
149.012,-40,0,0.0044
117.346,-40,0,0.0044
139.093,-40,0,0.0044
199.953,-40,0,0.0044
116.295,-40,0,0.0044
183.567,-40,0,0.0044
427.703,-40,0,0.0044
280.713,-40,0,0.0044
413.559,-40,0,0.0044
179.525,-40,0,0.0044
97.3442,-40,0,0.0044
178.866,-40,0,0.0044
173.248,-40,0,0.0044
89.4998,-40,0,0.0044
101.351,-40,0,0.0044
172.623,-40,0,0.0044
180.074,-40,0,0.0044
256.457,-40,0,0.0044
257.881,-40,0,0.0044
416.047,-40,0,0.0044
109.038,-40,0,0.0044
73.4481,-40,0,0.0044
114.546,-40,0,0.0044
218.922,-40,0,0.0044
39.9124,-40,0,0.0044
217.615,-40,0,0.0044
91.209,-40,0,0.0044
110.514,-40,0,0.0044
180.373,-40,0,0.0044
166.035,-40,0,0.0044
535.29,-40,0,0.0044
374.436,-40,0,0.0044
82.9154,-40,0,0.0044
112.598,-40,0,0.0044
730.051,-40,0,0.0044
157.816,-40,0,0.0044
169.28,-40,0,0.0044
188.305,-40,0,0.0044
132.242,-40,0,0.0044
61.5397,-40,0,0.0044
101.875,-40,0,0.0044
134.848,-40,0,0.0044
126.222,-40,0,0.0044
147.022,-40,0,0.0044
117.522,-40,0,0.0044
1071.89,-40,0,0.0044
186.538,-40,0,0.0044
184.102,-40,0,0.0044
94.0571,-40,0,0.0044
329.402,-40,0,0.0044
107.84,-40,0,0.0044
188.096,-40,0,0.0044
129.36,-40,0,0.0044
100.583,-40,0,0.0044
96.5383,-40,0,0.0044
262.239,-40,0,0.0044
103.554,-40,0,0.0044
293.992,-40,0,0.0044
506.056,-40,0,0.0044
131.539,-40,0,0.0044
142.407,-40,0,0.0044
424.584,-40,0,0.0044
223.336,-40,0,0.0044
386.72,-40,0,0.0044
261.472,-40,0,0.0044
94.8812,-40,0,0.0044
108.224,-40,0,0.0044
101.212,-40,0,0.0044
143.887,-40,0,0.0044
67.4987,-40,0,0.0044
122.513,-40,0,0.0044
342.456,-40,0,0.0044
113.171,-40,0,0.0044
263.83,-40,0,0.0044
139.741,-40,0,0.0044
164.527,-40,0,0.0044
93.734,-40,0,0.0044
85.7852,-40,0,0.0044
35.2832,-40,0,0.0044
208.992,-40,0,0.0044
92.187,-40,0,0.0044
100.465,-40,0,0.0044
63.7359,-40,0,0.0044
124.613,-40,0,0.0044
353.622,-40,0,0.0044
93.5803,-40,0,0.0044
114.288,-40,0,0.0044
109.206,-40,0,0.0044
482.496,-40,0,0.0044
78.5109,-40,0,0.0044
203.792,-40,0,0.0044
91.4398,-40,0,0.0044
101.135,-40,0,0.0044
106.521,-40,0,0.0044
124.866,-40,0,0.0044
125.005,-40,0,0.0044
85.7474,-40,0,0.0044
98.2971,-40,0,0.0044
249.494,-40,0,0.0044
170.936,-40,0,0.0044
249.6,-40,0,0.0044
90.6874,-40,0,0.0044
436.353,-40,0,0.0044
102.245,-40,0,0.0044
109.182,-40,0,0.0044
235.826,-40,0,0.0044
81.1458,-40,0,0.0044
85.59,-40,0,0.0044
116.893,-40,0,0.0044
98.6833,-40,0,0.0044
194.017,-40,0,0.0044
123.516,-40,0,0.0044
22.5112,-40,0,0.0044
75.056,-40,0,0.0044
284.884,-40,0,0.0044
94.8318,-40,0,0.0044
202.066,-40,0,0.0044
98.5755,-40,0,0.0044
133.573,-40,0,0.0044
84.1626,-40,0,0.0044
92.5139,-40,0,0.0044
350.37,-40,0,0.0044
96.3758,-40,0,0.0044
35.1174,-40,0,0.0044
174.027,-40,0,0.0044
45.7202,-40,0,0.0044
422.979,-40,0,0.0044
130.222,-40,0,0.0044
107.733,-40,0,0.0044
97.3844,-40,0,0.0044
37.8769,-40,0,0.0044
136.529,-40,0,0.0044
288.042,-40,0,0.0044
151.358,-40,0,0.0044
127.953,-40,0,0.0044
89.2419,-40,0,0.0044
98.5053,-40,0,0.0044
79.7064,-40,0,0.0044
371.793,-40,0,0.0044
126.495,-40,0,0.0044
180.087,-40,0,0.0044
184.246,-40,0,0.0044
94.4618,-40,0,0.0044
155.818,-40,0,0.0044
121.818,-40,0,0.0044
607.015,-40,0,0.0044
140.948,-40,0,0.0044
207.829,-40,0,0.0044
444.572,-40,0,0.0044
99.4494,-40,0,0.0044
72.7056,-40,0,0.0044
121.835,-40,0,0.0044
97.8551,-40,0,0.0044
109.906,-40,0,0.0044
119.754,-40,0,0.0044
167.549,-40,0,0.0044
74.7911,-40,0,0.0044
222.06,-40,0,0.0044
180.705,-40,0,0.0044
256.536,-40,0,0.0044
217.863,-40,0,0.0044
215.234,-40,0,0.0044
204.725,-40,0,0.0044
195.212,-40,0,0.0044
182.478,-40,0,0.0044
106.044,-40,0,0.0044
100.309,-40,0,0.0044
223.359,-40,0,0.0044
138.055,-40,0,0.0044
208.469,-40,0,0.0044
82.2862,-40,0,0.0044
116.958,-40,0,0.0044
353.813,-40,0,0.0044
135.107,-40,0,0.0044
99.8747,-40,0,0.0044
148.86,-40,0,0.0044
79.9317,-40,0,0.0044
148.872,-40,0,0.0044
88.1153,-40,0,0.0044
34.2215,-40,0,0.0044
89.3914,-40,0,0.0044
86.4759,-40,0,0.0044
160.713,-40,0,0.0044
92.4532,-40,0,0.0044
34.3564,-40,0,0.0044
143.43,-40,0,0.0044
185.001,-40,0,0.0044
354.275,-40,0,0.0044
221.214,-40,0,0.0044
122.489,-40,0,0.0044
139.552,-40,0,0.0044
188.967,-40,0,0.0044
85.9076,-40,0,0.0044
85.9481,-40,0,0.0044
191.152,-40,0,0.0044
140.668,-40,0,0.0044
287.536,-40,0,0.0044
106.749,-40,0,0.0044
210.846,-40,0,0.0044
199.301,-40,0,0.0044
226.364,-40,0,0.0044
116.245,-40,0,0.0044
68.4617,-40,0,0.0044
135.31,-40,0,0.0044
217.172,-40,0,0.0044
89.3371,-40,0,0.0044
104.848,-40,0,0.0044
148.543,-40,0,0.0044
72.124,-40,0,0.0044
27.0402,-40,0,0.0044
153.684,-40,0,0.0044
71.3814,-40,0,0.0044
2.07273,-40,0,0.0044
138.338,-40,0,0.0044
99.4924,-40,0,0.0044
314.22,-40,0,0.0044
125.748,-40,0,0.0044
99.8323,-40,0,0.0044
77.513,-40,0,0.0044
115.169,-40,0,0.0044
99.299,-40,0,0.0044
115.606,-40,0,0.0044
108.11,-40,0,0.0044
152.521,-40,0,0.0044
51.6621,-40,0,0.0044
452.788,-40,0,0.0044
4.50607,-40,0,0.0044
191.457,-40,0,0.0044
266.926,-40,0,0.0044
375.853,-40,0,0.0044
99.004,-40,0,0.0044
248.308,-40,0,0.0044
198.007,-40,0,0.0044
76.7701,-40,0,0.0044
198.47,-40,0,0.0044
108.079,-40,0,0.0044
147.331,-40,0,0.0044
299.555,-40,0,0.0044
104.783,-40,0,0.0044
110.189,-40,0,0.0044
113.12,-40,0,0.0044
413.269,-40,0,0.0044
81.2199,-40,0,0.0044
91.4078,-40,0,0.0044
516.65,-40,0,0.0044
71.9581,-40,0,0.0044
95.509,-40,0,0.0044
90.5339,-40,0,0.0044
294.202,-40,0,0.0044
245.855,-40,0,0.0044
109.229,-40,0,0.0044
278.973,-40,0,0.0044
179.875,-40,0,0.0044
94.7448,-40,0,0.0044
162.973,-40,0,0.0044
369.142,-40,0,0.0044
117.481,-40,0,0.0044
347.721,-40,0,0.0044
185.497,-40,0,0.0044
92.5049,-40,0,0.0044
151.714,-40,0,0.0044
165.232,-40,0,0.0044
83.63,-40,0,0.0044
160.5,-40,0,0.0044
87.3765,-40,0,0.0044
222.157,-40,0,0.0044
108.929,-40,0,0.0044
263.253,-40,0,0.0044
119.492,-40,0,0.0044
337.198,-40,0,0.0044
127.36,-40,0,0.0044
184.813,-40,0,0.0044
105.895,-40,0,0.0044
159.382,-40,0,0.0044
464.474,-40,0,0.0044
477.401,-40,0,0.0044
82.6412,-40,0,0.0044
285.862,-40,0,0.0044
106.622,-40,0,0.0044
108.481,-40,0,0.0044
359.668,-40,0,0.0044
89.5154,-40,0,0.0044
95.1709,-40,0,0.0044
33.5646,-40,0,0.0044
85.7055,-40,0,0.0044
117.086,-40,0,0.0044
85.476,-40,0,0.0044
123.368,-40,0,0.0044
373.529,-40,0,0.0044
334.559,-40,0,0.0044
252.356,-40,0,0.0044
115.204,-40,0,0.0044
410.803,-40,0,0.0044
79.6407,-40,0,0.0044
76.1218,-40,0,0.0044
8.47289,-40,0,0.0044
295.194,-40,0,0.0044
99.0295,-40,0,0.0044
143.7,-40,0,0.0044
287.748,-40,0,0.0044
36.801,-40,0,0.0044
222.515,-40,0,0.0044
0.892084,-40,0,0.0044
190.811,-40,0,0.0044
100.825,-40,0,0.0044
256.643,-40,0,0.0044
460.728,-40,0,0.0044
318.762,-40,0,0.0044
43.5492,-40,0,0.0044
109.651,-40,0,0.0044
82.3576,-40,0,0.0044
89.4994,-40,0,0.0044
36.5185,-40,0,0.0044
103.095,-40,0,0.0044
385.258,-40,0,0.0044
82.7115,-40,0,0.0044
113.638,-40,0,0.0044
164.049,-40,0,0.0044
177.783,-40,0,0.0044
80.5589,-40,0,0.0044
120.038,-40,0,0.0044
101.303,-40,0,0.0044
107.892,-40,0,0.0044
316.591,-40,0,0.0044
126.382,-40,0,0.0044
111.433,-40,0,0.0044
569.102,-40,0,0.0044
113.328,-40,0,0.0044
105.495,-40,0,0.0044
117.869,-40,0,0.0044
355.526,-40,0,0.0044
228.68,-40,0,0.0044
173.527,-40,0,0.0044
143.492,-40,0,0.0044
197.673,-40,0,0.0044
86.3172,-40,0,0.0044
145.664,-40,0,0.0044
443.406,-40,0,0.0044
115.31,-40,0,0.0044
386.909,-40,0,0.0044
214.926,-40,0,0.0044
120.386,-40,0,0.0044
1.07024,-40,0,0.0044
249.424,-40,0,0.0044
192.96,-40,0,0.0044
155.877,-40,0,0.0044
115.923,-40,0,0.0044
251.7,-40,0,0.0044
91.0688,-40,0,0.0044
108.88,-40,0,0.0044
198.018,-40,0,0.0044
79.5655,-40,0,0.0044
115.893,-40,0,0.0044
163.985,-40,0,0.0044
129.845,-40,0,0.0044
695.729,-40,0,0.0044
75.8696,-40,0,0.0044
225.45,-40,0,0.0044
115.477,-40,0,0.0044
72.2209,-40,0,0.0044
