1469.000
1489.000
1567.000
1487.000
1476.000
1499.000
1553.000
1490.000
1477.000
1513.000
1505.000
1485.000
1581.000
1474.000
1493.000
1471.000
1417.000
1484.000
1486.000
1554.000
1488.000
1416.000
1530.000
1462.000
1498.000
1466.000
1460.000
1496.000
1419.000
1470.000
1484.000
1530.000
1470.000
1521.000
1485.000
1535.000
1519.000
1504.000
1417.000
1500.000
1469.000
1447.000
1456.000
1453.000
1441.000
1520.000
1485.000
1519.000
1440.000
1545.000
1521.000
1564.000
1435.000
1447.000
1563.000
1470.000
1481.000
1457.000
1487.000
1407.000
1496.000
1576.000
1492.000
1410.000
1514.000
1474.000
1426.000
1520.000
1489.000
1423.000
1503.000
1494.000
1463.000
1510.000
1515.000
1519.000
1506.000
1485.000
1474.000
1555.000
1453.000
1492.000
1487.000
1580.000
1515.000
1494.000
1520.000
1439.000
1503.000
1535.000
1475.000
1546.000
1528.000
1491.000
1513.000
1499.000
1522.000
1433.000
1407.000
1510.000
1483.000
1501.000
1423.000
1452.000
1490.000
1503.000
1489.000
1537.000
1481.000
1550.000
1525.000
1489.000
1448.000
1543.000
1475.000
1479.000
1533.000
1529.000
1507.000
1499.000
1507.000
1447.000
1497.000
1537.000
1452.000
1520.000
1508.000
1497.000
1502.000
1570.000
1526.000
1535.000
1521.000
1588.000
1559.000
1513.000
1503.000
1539.000
1464.000
1509.000
1513.000
1541.000
1478.000
1555.000
1517.000
1527.000
1522.000
1530.000
1474.000
1498.000
1450.000
1477.000
1472.000
1546.000
1517.000
1420.000
1512.000
1520.000
1501.000
1479.000
1450.000
1464.000
1504.000
1459.000
1519.000
1507.000
1503.000
1514.000
1500.000
1473.000
1478.000
1549.000
1486.000
1543.000
1467.000
1515.000
1531.000
1523.000
1500.000
1428.000
1488.000
1511.000
1522.000
1486.000
1455.000
1441.000
1526.000
1464.000
1480.000
1539.000
1432.000
1451.000
1470.000
1494.000
1492.000
1520.000
1490.000
1460.000
1488.000
1493.000
