647.000
624.000
636.000
643.000
674.000
622.000
650.000
625.000
656.000
593.000
655.000
661.000
615.000
644.000
658.000
667.000
599.000
630.000
652.000
656.000
716.000
658.000
618.000
586.000
630.000
658.000
655.000
664.000
604.000
671.000
644.000
603.000
696.000
612.000
683.000
655.000
646.000
661.000
643.000
650.000
685.000
617.000
602.000
619.000
675.000
618.000
639.000
676.000
626.000
672.000
644.000
627.000
630.000
615.000
669.000
665.000
670.000
664.000
671.000
636.000
646.000
636.000
655.000
675.000
650.000
650.000
659.000
654.000
614.000
634.000
646.000
623.000
661.000
642.000
632.000
637.000
588.000
652.000
612.000
646.000
608.000
651.000
665.000
615.000
616.000
673.000
635.000
655.000
597.000
651.000
651.000
626.000
618.000
653.000
634.000
667.000
698.000
584.000
649.000
695.000
637.000
630.000
634.000
648.000
707.000
656.000
636.000
618.000
646.000
693.000
653.000
705.000
684.000
683.000
624.000
621.000
714.000
634.000
690.000
631.000
641.000
676.000
631.000
648.000
601.000
615.000
647.000
645.000
661.000
652.000
668.000
662.000
618.000
653.000
641.000
655.000
638.000
652.000
669.000
668.000
626.000
644.000
673.000
641.000
615.000
638.000
629.000
641.000
681.000
651.000
680.000
654.000
653.000
625.000
660.000
629.000
685.000
629.000
628.000
662.000
617.000
686.000
675.000
608.000
670.000
666.000
629.000
617.000
660.000
640.000
661.000
622.000
640.000
646.000
640.000
641.000
650.000
642.000
669.000
681.000
656.000
652.000
629.000
639.000
685.000
605.000
630.000
604.000
656.000
650.000
662.000
679.000
708.000
671.000
657.000
655.000
632.000
607.000
633.000
669.000
