360.000
378.000
348.000
353.000
341.000
360.000
324.000
343.000
374.000
343.000
364.000
354.000
349.000
352.000
307.000
318.000
350.000
354.000
361.000
323.000
359.000
375.000
376.000
360.000
361.000
375.000
394.000
377.000
331.000
307.000
338.000
345.000
336.000
346.000
360.000
349.000
354.000
347.000
383.000
319.000
329.000
349.000
305.000
343.000
336.000
350.000
360.000
358.000
351.000
352.000
351.000
349.000
330.000
339.000
358.000
369.000
321.000
363.000
302.000
378.000
342.000
353.000
370.000
367.000
344.000
370.000
321.000
371.000
362.000
362.000
354.000
322.000
338.000
369.000
379.000
334.000
344.000
329.000
377.000
358.000
375.000
365.000
359.000
348.000
334.000
369.000
318.000
354.000
361.000
319.000
360.000
367.000
323.000
354.000
333.000
367.000
332.000
347.000
350.000
344.000
396.000
348.000
344.000
358.000
353.000
346.000
357.000
353.000
328.000
369.000
376.000
332.000
379.000
343.000
348.000
331.000
354.000
349.000
380.000
349.000
299.000
330.000
359.000
350.000
345.000
348.000
348.000
368.000
373.000
351.000
340.000
334.000
352.000
332.000
328.000
338.000
374.000
333.000
311.000
329.000
382.000
317.000
333.000
374.000
369.000
373.000
305.000
367.000
353.000
357.000
343.000
344.000
317.000
368.000
352.000
333.000
362.000
355.000
337.000
347.000
346.000
372.000
318.000
343.000
398.000
346.000
351.000
340.000
317.000
348.000
357.000
334.000
372.000
368.000
353.000
326.000
333.000
362.000
337.000
345.000
336.000
363.000
350.000
332.000
375.000
345.000
349.000
362.000
360.000
343.000
351.000
337.000
353.000
345.000
339.000
378.000
357.000
346.000
362.000
356.000
