14557.000
14630.000
14683.000
14425.000
14697.000
14918.000
14926.000
14624.000
14722.000
14834.000
14684.000
14717.000
14550.000
14650.000
14581.000
14804.000
14619.000
14758.000
14659.000
14646.000
14717.000
14673.000
14515.000
14816.000
14698.000
14792.000
14738.000
14580.000
14719.000
14610.000
14781.000
14561.000
14711.000
14554.000
14949.000
14671.000
14718.000
14519.000
14799.000
14588.000
14757.000
14689.000
14649.000
14367.000
14649.000
14740.000
14683.000
14585.000
14661.000
14684.000
14893.000
14672.000
14695.000
14708.000
14667.000
14625.000
14799.000
14634.000
14648.000
14694.000
14795.000
14838.000
14574.000
14679.000
14600.000
14528.000
14596.000
14782.000
14626.000
14707.000
15049.000
14894.000
14571.000
14692.000
14745.000
14684.000
14669.000
14784.000
14632.000
14580.000
14663.000
14559.000
14560.000
14898.000
14761.000
14566.000
14670.000
14671.000
14829.000
14597.000
14646.000
14758.000
14639.000
14536.000
14528.000
14545.000
14714.000
14655.000
14520.000
14454.000
14832.000
14537.000
14492.000
14666.000
14652.000
14682.000
14608.000
14630.000
14784.000
14448.000
14551.000
14535.000
14601.000
14624.000
14612.000
14543.000
14559.000
14491.000
14836.000
14537.000
14496.000
14551.000
14790.000
14682.000
14681.000
14743.000
14482.000
14620.000
14386.000
14468.000
14535.000
14591.000
14463.000
14745.000
14694.000
14569.000
14646.000
14580.000
14657.000
14624.000
14478.000
14647.000
14372.000
14573.000
14605.000
14606.000
14445.000
14537.000
14772.000
14550.000
14585.000
14735.000
14705.000
14466.000
14590.000
14630.000
14504.000
14518.000
14526.000
14495.000
14476.000
14551.000
14669.000
14611.000
14453.000
14702.000
14596.000
14774.000
14593.000
14713.000
14786.000
14645.000
14551.000
14408.000
14484.000
14529.000
14492.000
14759.000
14523.000
14662.000
14565.000
14451.000
14411.000
14626.000
14597.000
14486.000
14864.000
14711.000
14620.000
14356.000
14730.000
14533.000
14394.000
14501.000
14580.000
14568.000
14414.000
14622.000
14499.000
14476.000
