8493.000
8554.000
8540.000
8574.000
8662.000
8684.000
8652.000
8577.000
8423.000
8580.000
8638.000
8726.000
8541.000
8554.000
8324.000
8605.000
8594.000
8670.000
8500.000
8636.000
8492.000
8752.000
8494.000
8642.000
8547.000
8583.000
8593.000
8617.000
8646.000
8516.000
8481.000
8558.000
8571.000
8506.000
8513.000
8529.000
8653.000
8562.000
8659.000
8580.000
8570.000
8675.000
8512.000
8634.000
8680.000
8552.000
8605.000
8514.000
8667.000
8643.000
8582.000
8625.000
8429.000
8457.000
8534.000
8533.000
8532.000
8657.000
8623.000
8600.000
8444.000
8615.000
8628.000
8582.000
8658.000
8551.000
8644.000
8600.000
8492.000
8639.000
8505.000
8530.000
8604.000
8620.000
8613.000
8503.000
8535.000
8520.000
8619.000
8730.000
8513.000
8699.000
8676.000
8587.000
8701.000
8652.000
8672.000
8558.000
8474.000
8650.000
8610.000
8567.000
8636.000
8417.000
8559.000
8619.000
8580.000
8576.000
8587.000
8588.000
8640.000
8664.000
8542.000
8657.000
8563.000
8664.000
8750.000
8724.000
8653.000
8544.000
8388.000
8471.000
8482.000
8411.000
8698.000
8580.000
8668.000
8482.000
8654.000
8594.000
8593.000
8586.000
8526.000
8480.000
8553.000
8636.000
8447.000
8431.000
8446.000
8458.000
8519.000
8556.000
8540.000
8587.000
8692.000
8629.000
8579.000
8486.000
8619.000
8506.000
8520.000
8547.000
8630.000
8700.000
8507.000
8594.000
8386.000
8595.000
8469.000
8410.000
8387.000
8494.000
8569.000
8603.000
8617.000
8658.000
8656.000
8681.000
8548.000
8660.000
8571.000
8671.000
8638.000
8538.000
8448.000
8691.000
8669.000
8766.000
8468.000
8641.000
8560.000
8441.000
8578.000
8465.000
8548.000
8420.000
8479.000
8405.000
8400.000
8586.000
8543.000
8508.000
8443.000
8678.000
8618.000
8584.000
8401.000
8498.000
8763.000
8596.000
8619.000
8656.000
8676.000
8495.000
8347.000
8695.000
8573.000
8627.000
8610.000
8548.000
