5886.000
5869.000
5891.000
5992.000
5869.000
6034.000
5835.000
5856.000
5879.000
5817.000
5950.000
5977.000
6092.000
5805.000
5865.000
5889.000
5860.000
5827.000
6118.000
5912.000
6036.000
5883.000
5945.000
5918.000
5967.000
5908.000
5932.000
5915.000
5882.000
6024.000
5952.000
5971.000
5957.000
5751.000
5958.000
5873.000
5987.000
6041.000
5870.000
5889.000
6016.000
6016.000
5793.000
5714.000
5933.000
5880.000
5961.000
5761.000
6023.000
5827.000
5962.000
5877.000
5969.000
5948.000
5983.000
5986.000
5812.000
5975.000
5908.000
5870.000
5888.000
5945.000
5939.000
5905.000
6037.000
5887.000
5913.000
5903.000
5804.000
6032.000
5986.000
5964.000
5923.000
5875.000
5898.000
5986.000
5865.000
5849.000
6148.000
5820.000
5798.000
5907.000
5869.000
5926.000
6011.000
5850.000
5883.000
6060.000
6006.000
5659.000
5918.000
5854.000
5865.000
5860.000
5900.000
5951.000
5961.000
5910.000
5984.000
5893.000
5817.000
5928.000
5934.000
5896.000
5901.000
5952.000
5861.000
5993.000
5791.000
5864.000
5836.000
5851.000
5947.000
6004.000
5897.000
5947.000
6047.000
5882.000
5982.000
5869.000
6008.000
5948.000
5890.000
5802.000
5865.000
5852.000
6106.000
5926.000
5929.000
5904.000
6003.000
6013.000
5973.000
5882.000
5931.000
5892.000
5904.000
5871.000
5920.000
5844.000
5880.000
5888.000
5811.000
5985.000
5981.000
5734.000
5741.000
6023.000
5871.000
5959.000
5861.000
5770.000
5778.000
5794.000
5773.000
5777.000
5796.000
5628.000
5860.000
5832.000
5751.000
5771.000
5806.000
5751.000
5888.000
5793.000
5828.000
5856.000
5800.000
5762.000
5809.000
5749.000
5813.000
5757.000
5885.000
5867.000
5873.000
5794.000
5873.000
6017.000
5720.000
5832.000
5765.000
5808.000
5869.000
5933.000
5724.000
5844.000
5826.000
5938.000
5851.000
5769.000
5816.000
5770.000
5815.000
5817.000
5821.000
5690.000
5768.000
5783.000
